1 20 30 155 Face_001_0020_50030.avi Cabin_001_0020_50030.avi 186
1 20 30 158 Face_001_0020_56560.avi Cabin_001_0020_56560.avi 1326
1 20 272 438 Face_001_0020_56560.avi Cabin_001_0020_56560.avi 1326
1 20 476 1295 Face_001_0020_56560.avi Cabin_001_0020_56560.avi 1326
1 31 30 188 Face_001_0031_3290.avi Cabin_001_0031_3290.avi 1506
1 31 246 1475 Face_001_0031_3290.avi Cabin_001_0031_3290.avi 1506
2 1 30 57 Face_002_0001_57900.avi Cabin_002_0001_57900.avi 87
2 7 30 76 Face_002_0007_33030.avi Cabin_002_0007_33030.avi 106
2 9 30 822 Face_002_0009_700.avi Cabin_002_0009_700.avi 853
2 9 30 542 Face_002_0009_10990.avi Cabin_002_0009_10990.avi 573
2 9 30 608 Face_002_0009_19220.avi Cabin_002_0009_19220.avi 639
2 9 30 56 Face_002_0009_36870.avi Cabin_002_0009_36870.avi 503
2 9 235 472 Face_002_0009_36870.avi Cabin_002_0009_36870.avi 503
2 9 30 254 Face_002_0009_45850.avi Cabin_002_0009_45850.avi 285
2 9 30 76 Face_002_0009_58860.avi Cabin_002_0009_58860.avi 107
2 9 30 104 Face_002_0009_78100.avi Cabin_002_0009_78100.avi 135
2 9 30 604 Face_002_0009_82300.avi Cabin_002_0009_82300.avi 635
3 32 30 100 Face_003_0032_55670.avi Cabin_003_0032_55670.avi 132
4 1 30 382 Face_004_0001_57990.avi Cabin_004_0001_57990.avi 665
4 1 394 633 Face_004_0001_57990.avi Cabin_004_0001_57990.avi 665
4 1 30 1661 Face_004_0001_70340.avi Cabin_004_0001_70340.avi 1692
4 1 30 378 Face_004_0001_90170.avi Cabin_004_0001_90170.avi 410
4 2 30 1086 Face_004_0002_144560.avi Cabin_004_0002_144560.avi 1116
4 3 133 496 Face_004_0003_8560.avi Cabin_004_0003_8560.avi 527
4 3 30 238 Face_004_0003_31240.avi Cabin_004_0003_31240.avi 268
4 6 30 230 Face_004_0006_22690.avi Cabin_004_0006_22690.avi 262
4 6 30 143 Face_004_0006_35760.avi Cabin_004_0006_35760.avi 174
4 6 30 395 Face_004_0006_51080.avi Cabin_004_0006_51080.avi 427
4 6 30 359 Face_004_0006_68470.avi Cabin_004_0006_68470.avi 390
4 6 30 613 Face_004_0006_109780.avi Cabin_004_0006_109780.avi 645
4 6 30 247 Face_004_0006_131800.avi Cabin_004_0006_131800.avi 506
4 6 265 475 Face_004_0006_131800.avi Cabin_004_0006_131800.avi 506
4 6 30 151 Face_004_0006_216570.avi Cabin_004_0006_216570.avi 181
4 6 30 342 Face_004_0006_243480.avi Cabin_004_0006_243480.avi 373
4 6 30 865 Face_004_0006_262360.avi Cabin_004_0006_262360.avi 896
4 6 30 996 Face_004_0006_323770.avi Cabin_004_0006_323770.avi 1027
4 6 30 107 Face_004_0006_471400.avi Cabin_004_0006_471400.avi 138
4 6 30 757 Face_004_0006_486170.avi Cabin_004_0006_486170.avi 788
4 6 30 833 Face_004_0006_502400.avi Cabin_004_0006_502400.avi 864
4 6 30 573 Face_004_0006_572260.avi Cabin_004_0006_572260.avi 604
4 6 30 354 Face_004_0006_609210.avi Cabin_004_0006_609210.avi 362
4 7 559 622 Face_004_0007_0.avi Cabin_004_0007_0.avi 716
4 7 30 196 Face_004_0007_25750.avi Cabin_004_0007_25750.avi 227
4 7 30 442 Face_004_0007_46630.avi Cabin_004_0007_46630.avi 473
4 9 130 766 Face_004_0009_32580.avi Cabin_004_0009_32580.avi 796
4 11 30 73 Face_004_0011_27100.avi Cabin_004_0011_27100.avi 103
4 16 30 94 Face_004_0016_2740.avi Cabin_004_0016_2740.avi 2891
4 16 109 2860 Face_004_0016_2740.avi Cabin_004_0016_2740.avi 2891
4 18 30 466 Face_004_0018_11470.avi Cabin_004_0018_11470.avi 497
4 19 121 454 Face_004_0019_126040.avi Cabin_004_0019_126040.avi 720
4 19 620 688 Face_004_0019_126040.avi Cabin_004_0019_126040.avi 720
4 19 30 316 Face_004_0019_178820.avi Cabin_004_0019_178820.avi 346
4 19 30 110 Face_004_0019_435470.avi Cabin_004_0019_435470.avi 141
4 19 30 192 Face_004_0019_479040.avi Cabin_004_0019_479040.avi 223
4 22 30 449 Face_004_0022_60690.avi Cabin_004_0022_60690.avi 481
4 22 30 93 Face_004_0022_186610.avi Cabin_004_0022_186610.avi 123
4 22 30 1574 Face_004_0022_208390.avi Cabin_004_0022_208390.avi 1604
4 22 30 67 Face_004_0022_232400.avi Cabin_004_0022_232400.avi 99
4 27 89 531 Face_004_0027_16000.avi Cabin_004_0027_16000.avi 562
4 27 30 148 Face_004_0027_32150.avi Cabin_004_0027_32150.avi 180
4 28 30 1007 Face_004_0028_17420.avi Cabin_004_0028_17420.avi 1038
4 28 70 1300 Face_004_0028_41760.avi Cabin_004_0028_41760.avi 1331
4 28 30 193 Face_004_0028_59400.avi Cabin_004_0028_59400.avi 409
4 28 197 379 Face_004_0028_59400.avi Cabin_004_0028_59400.avi 409
4 28 30 128 Face_004_0028_133420.avi Cabin_004_0028_133420.avi 158
4 28 30 85 Face_004_0028_139320.avi Cabin_004_0028_139320.avi 116
4 28 30 377 Face_004_0028_162240.avi Cabin_004_0028_162240.avi 407
4 30 30 754 Face_004_0030_114690.avi Cabin_004_0030_114690.avi 1381
4 30 1144 1212 Face_004_0030_114690.avi Cabin_004_0030_114690.avi 1381
4 31 30 647 Face_004_0031_72720.avi Cabin_004_0031_72720.avi 678
4 31 30 54 Face_004_0031_138080.avi Cabin_004_0031_138080.avi 85
4 31 30 761 Face_004_0031_222840.avi Cabin_004_0031_222840.avi 792
4 33 30 201 Face_004_0033_11020.avi Cabin_004_0033_11020.avi 232
4 33 30 405 Face_004_0033_15240.avi Cabin_004_0033_15240.avi 435
4 33 30 1725 Face_004_0033_25930.avi Cabin_004_0033_25930.avi 1757
4 34 30 102 Face_004_0034_1380.avi Cabin_004_0034_1380.avi 132
4 34 30 89 Face_004_0034_41610.avi Cabin_004_0034_41610.avi 120
4 36 197 456 Face_004_0036_2480.avi Cabin_004_0036_2480.avi 487
4 39 30 59 Face_004_0039_4860.avi Cabin_004_0039_4860.avi 91
4 39 30 63 Face_004_0039_53240.avi Cabin_004_0039_53240.avi 94
4 41 30 120 Face_004_0041_3510.avi Cabin_004_0041_3510.avi 506
4 41 138 476 Face_004_0041_3510.avi Cabin_004_0041_3510.avi 506
4 41 30 285 Face_004_0041_77060.avi Cabin_004_0041_77060.avi 316
4 41 30 53 Face_004_0041_93540.avi Cabin_004_0041_93540.avi 83
4 41 30 285 Face_004_0041_102370.avi Cabin_004_0041_102370.avi 317
4 41 30 370 Face_004_0041_115670.avi Cabin_004_0041_115670.avi 3263
4 41 386 2499 Face_004_0041_115670.avi Cabin_004_0041_115670.avi 3263
4 41 2522 3233 Face_004_0041_115670.avi Cabin_004_0041_115670.avi 3263
4 41 30 347 Face_004_0041_151090.avi Cabin_004_0041_151090.avi 1149
4 41 387 732 Face_004_0041_151090.avi Cabin_004_0041_151090.avi 1149
4 41 753 1118 Face_004_0041_151090.avi Cabin_004_0041_151090.avi 1149
4 41 30 416 Face_004_0041_169090.avi Cabin_004_0041_169090.avi 448
4 41 30 194 Face_004_0041_176160.avi Cabin_004_0041_176160.avi 880
4 41 265 849 Face_004_0041_176160.avi Cabin_004_0041_176160.avi 880
4 41 30 565 Face_004_0041_187520.avi Cabin_004_0041_187520.avi 597
4 41 30 330 Face_004_0041_197420.avi Cabin_004_0041_197420.avi 361
4 41 30 824 Face_004_0041_206620.avi Cabin_004_0041_206620.avi 855
4 41 30 1024 Face_004_0041_222320.avi Cabin_004_0041_222320.avi 1055
4 41 30 125 Face_004_0041_236170.avi Cabin_004_0041_236170.avi 157
4 41 30 179 Face_004_0041_316220.avi Cabin_004_0041_316220.avi 210
4 44 30 71 Face_004_0044_67230.avi Cabin_004_0044_67230.avi 101
4 44 30 48 Face_004_0044_169080.avi Cabin_004_0044_169080.avi 79
4 44 79 488 Face_004_0044_188160.avi Cabin_004_0044_188160.avi 519
4 44 37 657 Face_004_0044_197060.avi Cabin_004_0044_197060.avi 687
4 44 433 777 Face_004_0044_203220.avi Cabin_004_0044_203220.avi 808
4 44 30 214 Face_004_0044_218990.avi Cabin_004_0044_218990.avi 246
4 44 30 357 Face_004_0044_233200.avi Cabin_004_0044_233200.avi 388
6 6 256 2175 Face_006_0006_20620.avi Cabin_006_0006_20620.avi 2205
6 15 551 919 Face_006_0015_16000.avi Cabin_006_0015_16000.avi 2409
6 15 965 1146 Face_006_0015_16000.avi Cabin_006_0015_16000.avi 2409
6 15 1526 2378 Face_006_0015_16000.avi Cabin_006_0015_16000.avi 2409
6 15 201 3742 Face_006_0015_126710.avi Cabin_006_0015_126710.avi 3779
6 15 284 588 Face_006_0015_167340.avi Cabin_006_0015_167340.avi 2235
6 15 798 2203 Face_006_0015_167340.avi Cabin_006_0015_167340.avi 2235
6 15 137 847 Face_006_0015_305330.avi Cabin_006_0015_305330.avi 877
6 16 379 626 Face_006_0016_15560.avi Cabin_006_0016_15560.avi 657
7 1 107 1173 Face_007_0001_25480.avi Cabin_007_0001_25480.avi 1204
7 1 119 872 Face_007_0001_120360.avi Cabin_007_0001_120360.avi 904
8 1 30 535 Face_008_0001_9220.avi Cabin_008_0001_9220.avi 566
8 1 30 78 Face_008_0001_35150.avi Cabin_008_0001_35150.avi 109
8 7 154 412 Face_008_0007_17670.avi Cabin_008_0007_17670.avi 444
8 24 30 112 Face_008_0024_278140.avi Cabin_008_0024_278140.avi 143
10 2 63 744 Face_010_0002_17550.avi Cabin_010_0002_17550.avi 775
10 9 30 51 Face_010_0009_24000.avi Cabin_010_0009_24000.avi 82
10 9 30 41 Face_010_0009_85880.avi Cabin_010_0009_85880.avi 72
10 10 62 738 Face_010_0010_10130.avi Cabin_010_0010_10130.avi 768
10 10 63 452 Face_010_0010_19940.avi Cabin_010_0010_19940.avi 482
10 13 160 621 Face_010_0013_2800.avi Cabin_010_0013_2800.avi 653
10 14 111 590 Face_010_0014_12220.avi Cabin_010_0014_12220.avi 622
10 17 30 382 Face_010_0017_88830.avi Cabin_010_0017_88830.avi 413
11 3 30 575 Face_011_0003_71960.avi Cabin_011_0003_71960.avi 606
11 7 389 729 Face_011_0007_9880.avi Cabin_011_0007_9880.avi 760
11 7 401 757 Face_011_0007_19360.avi Cabin_011_0007_19360.avi 788
11 18 30 2160 Face_011_0018_124320.avi Cabin_011_0018_124320.avi 2191
11 18 30 289 Face_011_0018_152450.avi Cabin_011_0018_152450.avi 320
11 18 30 359 Face_011_0018_195940.avi Cabin_011_0018_195940.avi 389
11 19 30 168 Face_011_0019_22110.avi Cabin_011_0019_22110.avi 200
11 28 30 446 Face_011_0028_53660.avi Cabin_011_0028_53660.avi 476
11 28 30 593 Face_011_0028_62350.avi Cabin_011_0028_62350.avi 623
11 28 30 715 Face_011_0028_71960.avi Cabin_011_0028_71960.avi 746
11 28 30 287 Face_011_0028_93280.avi Cabin_011_0028_93280.avi 318
11 32 30 753 Face_011_0032_10170.avi Cabin_011_0032_10170.avi 784
11 32 30 1472 Face_011_0032_109830.avi Cabin_011_0032_109830.avi 1502
14 30 192 1500 Face_014_0030_83560.avi Cabin_014_0030_83560.avi 1531
14 30 30 179 Face_014_0030_126830.avi Cabin_014_0030_126830.avi 211
14 35 133 1105 Face_014_0035_107770.avi Cabin_014_0035_107770.avi 1135
15 2 30 139 Face_015_0002_45330.avi Cabin_015_0002_45330.avi 169
15 2 30 135 Face_015_0002_50070.avi Cabin_015_0002_50070.avi 166
15 4 30 356 Face_015_0004_294920.avi Cabin_015_0004_294920.avi 388
15 4 30 329 Face_015_0004_332570.avi Cabin_015_0004_332570.avi 360
15 16 30 214 Face_015_0016_58660.avi Cabin_015_0016_58660.avi 244
16 1 170 636 Face_016_0001_86580.avi Cabin_016_0001_86580.avi 667
16 7 131 960 Face_016_0007_32300.avi Cabin_016_0007_32300.avi 991
16 7 30 200 Face_016_0007_45970.avi Cabin_016_0007_45970.avi 231
16 18 910 1462 Face_016_0018_0.avi Cabin_016_0018_0.avi 1478
16 18 118 399 Face_016_0018_50700.avi Cabin_016_0018_50700.avi 430
17 2 30 608 Face_017_0002_19780.avi Cabin_017_0002_19780.avi 639
17 3 30 568 Face_017_0003_20240.avi Cabin_017_0003_20240.avi 599
17 3 30 219 Face_017_0003_65450.avi Cabin_017_0003_65450.avi 250
17 14 30 1065 Face_017_0014_22130.avi Cabin_017_0014_22130.avi 1096
17 17 137 1206 Face_017_0017_5260.avi Cabin_017_0017_5260.avi 1237
17 29 131 726 Face_017_0029_16410.avi Cabin_017_0029_16410.avi 756
17 29 30 330 Face_017_0029_65770.avi Cabin_017_0029_65770.avi 361
17 29 30 98 Face_017_0029_83570.avi Cabin_017_0029_83570.avi 130
17 36 30 342 Face_017_0036_105860.avi Cabin_017_0036_105860.avi 371
18 2 30 433 Face_018_0002_166450.avi Cabin_018_0002_166450.avi 870
18 2 547 839 Face_018_0002_166450.avi Cabin_018_0002_166450.avi 870
18 2 30 358 Face_018_0002_178750.avi Cabin_018_0002_178750.avi 389
18 5 30 460 Face_018_0005_93950.avi Cabin_018_0005_93950.avi 491
18 5 76 404 Face_018_0005_112160.avi Cabin_018_0005_112160.avi 435
18 15 464 1084 Face_018_0015_560.avi Cabin_018_0015_560.avi 1113
18 17 30 799 Face_018_0017_2500.avi Cabin_018_0017_2500.avi 830
18 20 53 324 Face_018_0020_4680.avi Cabin_018_0020_4680.avi 356
18 24 93 248 Face_018_0024_26580.avi Cabin_018_0024_26580.avi 278
18 32 30 151 Face_018_0032_1910.avi Cabin_018_0032_1910.avi 182
18 32 30 988 Face_018_0032_7540.avi Cabin_018_0032_7540.avi 1019
18 33 77 414 Face_018_0033_42420.avi Cabin_018_0033_42420.avi 445
19 15 30 700 Face_019_0015_724950.avi Cabin_019_0015_724950.avi 731
19 15 30 472 Face_019_0015_759910.avi Cabin_019_0015_759910.avi 503
19 22 30 87 Face_019_0022_6310.avi Cabin_019_0022_6310.avi 118
19 24 30 196 Face_019_0024_458510.avi Cabin_019_0024_458510.avi 9068
19 24 277 332 Face_019_0024_458510.avi Cabin_019_0024_458510.avi 9068
19 24 341 9038 Face_019_0024_458510.avi Cabin_019_0024_458510.avi 9068
20 1 119 662 Face_020_0001_560.avi Cabin_020_0001_560.avi 694
20 1 30 1433 Face_020_0001_11280.avi Cabin_020_0001_11280.avi 1463
20 1 30 444 Face_020_0001_47070.avi Cabin_020_0001_47070.avi 476
20 1 30 49 Face_020_0001_78520.avi Cabin_020_0001_78520.avi 80
20 4 30 87 Face_020_0004_177900.avi Cabin_020_0004_177900.avi 118
20 19 30 115 Face_020_0019_70150.avi Cabin_020_0019_70150.avi 146
20 20 158 273 Face_020_0020_88090.avi Cabin_020_0020_88090.avi 304
20 25 147 584 Face_020_0025_104300.avi Cabin_020_0025_104300.avi 614
20 37 65 984 Face_020_0037_7230.avi Cabin_020_0037_7230.avi 1015
20 38 62 1258 Face_020_0038_23230.avi Cabin_020_0038_23230.avi 1290
20 42 46 556 Face_020_0042_1690.avi Cabin_020_0042_1690.avi 587
20 45 97 625 Face_020_0045_54620.avi Cabin_020_0045_54620.avi 656
21 1 30 450 Face_021_0001_45090.avi Cabin_021_0001_45090.avi 481
21 2 30 134 Face_021_0002_259710.avi Cabin_021_0002_259710.avi 165
21 3 30 256 Face_021_0003_820.avi Cabin_021_0003_820.avi 287
21 4 30 2414 Face_021_0004_246720.avi Cabin_021_0004_246720.avi 2445
21 7 23 1868 Face_021_0007_187260.avi Cabin_021_0007_187260.avi 8521
21 8 30 109 Face_021_0008_19700.avi Cabin_021_0008_19700.avi 139
21 8 30 218 Face_021_0008_57400.avi Cabin_021_0008_57400.avi 250
21 8 30 2557 Face_021_0008_103790.avi Cabin_021_0008_103790.avi 2587
21 8 30 119 Face_021_0008_245360.avi Cabin_021_0008_245360.avi 150
21 9 30 724 Face_021_0009_16860.avi Cabin_021_0009_16860.avi 754
21 9 30 400 Face_021_0009_26740.avi Cabin_021_0009_26740.avi 432
21 9 30 586 Face_021_0009_39960.avi Cabin_021_0009_39960.avi 2871
21 9 662 2839 Face_021_0009_39960.avi Cabin_021_0009_39960.avi 2871
21 9 30 2269 Face_021_0009_111330.avi Cabin_021_0009_111330.avi 2300
21 9 30 3379 Face_021_0009_148570.avi Cabin_021_0009_148570.avi 3410
21 9 33 1640 Face_021_0009_201620.avi Cabin_021_0009_201620.avi 1640
21 15 83 127 Face_021_0015_37970.avi Cabin_021_0015_37970.avi 158
21 19 30 223 Face_021_0019_6500.avi Cabin_021_0019_6500.avi 254
21 20 30 953 Face_021_0020_3530.avi Cabin_021_0020_3530.avi 984
21 20 134 359 Face_021_0020_24370.avi Cabin_021_0020_24370.avi 390
21 20 30 587 Face_021_0020_50440.avi Cabin_021_0020_50440.avi 618
21 21 30 436 Face_021_0021_124100.avi Cabin_021_0021_124100.avi 468
21 21 30 145 Face_021_0021_146660.avi Cabin_021_0021_146660.avi 176
21 22 251 813 Face_021_0022_29960.avi Cabin_021_0022_29960.avi 3655
22 1 177 1015 Face_022_0001_9410.avi Cabin_022_0001_9410.avi 1046
22 5 71 236 Face_022_0005_1720.avi Cabin_022_0005_1720.avi 267
22 5 30 243 Face_022_0005_152700.avi Cabin_022_0005_152700.avi 275
22 12 143 891 Face_022_0012_8240.avi Cabin_022_0012_8240.avi 922
22 13 30 123 Face_022_0013_181910.avi Cabin_022_0013_181910.avi 153
23 1 96 1087 Face_023_0001_780.avi Cabin_023_0001_780.avi 1117
23 1 331 804 Face_023_0001_15810.avi Cabin_023_0001_15810.avi 835
23 1 30 4220 Face_023_0001_39260.avi Cabin_023_0001_39260.avi 4250
23 6 105 471 Face_023_0006_340480.avi Cabin_023_0006_340480.avi 503
23 6 30 1644 Face_023_0006_356450.avi Cabin_023_0006_356450.avi 1676
23 9 30 61 Face_023_0009_1260.avi Cabin_023_0009_1260.avi 91
23 10 30 6715 Face_023_0010_90090.avi Cabin_023_0010_90090.avi 6747
23 14 120 9398 Face_023_0014_51720.avi Cabin_023_0014_51720.avi 9430
23 14 100 631 Face_023_0014_175520.avi Cabin_023_0014_175520.avi 661
23 19 30 954 Face_023_0019_58970.avi Cabin_023_0019_58970.avi 985
23 22 30 1676 Face_023_0022_42390.avi Cabin_023_0022_42390.avi 1925
23 22 1864 1895 Face_023_0022_42390.avi Cabin_023_0022_42390.avi 1925
23 22 30 432 Face_023_0022_65720.avi Cabin_023_0022_65720.avi 463
23 22 30 623 Face_023_0022_91660.avi Cabin_023_0022_91660.avi 653
23 22 30 6700 Face_023_0022_237540.avi Cabin_023_0022_237540.avi 6731
25 4 127 2051 Face_025_0004_74630.avi Cabin_025_0004_74630.avi 2171
25 4 2113 2140 Face_025_0004_74630.avi Cabin_025_0004_74630.avi 2171
25 4 96 889 Face_025_0004_104940.avi Cabin_025_0004_104940.avi 1187
25 4 896 1156 Face_025_0004_104940.avi Cabin_025_0004_104940.avi 1187
25 4 30 64 Face_025_0004_119030.avi Cabin_025_0004_119030.avi 95
25 4 30 695 Face_025_0004_131570.avi Cabin_025_0004_131570.avi 726
25 4 30 357 Face_025_0004_143200.avi Cabin_025_0004_143200.avi 388
25 7 123 300 Face_025_0007_16320.avi Cabin_025_0007_16320.avi 2075
25 7 416 2044 Face_025_0007_16320.avi Cabin_025_0007_16320.avi 2075
25 7 136 551 Face_025_0007_39690.avi Cabin_025_0007_39690.avi 581
25 9 148 458 Face_025_0009_70430.avi Cabin_025_0009_70430.avi 488
25 10 30 50 Face_025_0010_22700.avi Cabin_025_0010_22700.avi 81
25 10 30 539 Face_025_0010_44490.avi Cabin_025_0010_44490.avi 770
25 10 679 740 Face_025_0010_44490.avi Cabin_025_0010_44490.avi 770
25 10 62 521 Face_025_0010_81850.avi Cabin_025_0010_81850.avi 552
25 10 30 1130 Face_025_0010_120660.avi Cabin_025_0010_120660.avi 1162
25 10 30 58 Face_025_0010_160690.avi Cabin_025_0010_160690.avi 89
25 10 30 136 Face_025_0010_163710.avi Cabin_025_0010_163710.avi 167
25 10 30 327 Face_025_0010_186220.avi Cabin_025_0010_186220.avi 2158
25 10 401 2126 Face_025_0010_186220.avi Cabin_025_0010_186220.avi 2158
25 10 30 2158 Face_025_0010_247740.avi Cabin_025_0010_247740.avi 2189
25 15 216 662 Face_025_0015_3670.avi Cabin_025_0015_3670.avi 2309
25 15 676 999 Face_025_0015_3670.avi Cabin_025_0015_3670.avi 2309
25 15 1089 2277 Face_025_0015_3670.avi Cabin_025_0015_3670.avi 2309
25 15 30 317 Face_025_0015_32050.avi Cabin_025_0015_32050.avi 349
25 15 219 4719 Face_025_0015_59820.avi Cabin_025_0015_59820.avi 5118
25 15 4723 5086 Face_025_0015_59820.avi Cabin_025_0015_59820.avi 5118
25 16 30 123 Face_025_0016_3720.avi Cabin_025_0016_3720.avi 626
25 16 202 595 Face_025_0016_3720.avi Cabin_025_0016_3720.avi 626
25 17 30 72 Face_025_0017_43670.avi Cabin_025_0017_43670.avi 281
25 17 107 250 Face_025_0017_43670.avi Cabin_025_0017_43670.avi 281
25 17 30 97 Face_025_0017_101210.avi Cabin_025_0017_101210.avi 339
25 17 227 307 Face_025_0017_101210.avi Cabin_025_0017_101210.avi 339
25 17 30 48 Face_025_0017_129570.avi Cabin_025_0017_129570.avi 79
25 17 30 71 Face_025_0017_132010.avi Cabin_025_0017_132010.avi 102
25 17 30 59 Face_025_0017_142580.avi Cabin_025_0017_142580.avi 339
25 17 141 308 Face_025_0017_142580.avi Cabin_025_0017_142580.avi 339
25 17 30 315 Face_025_0017_150310.avi Cabin_025_0017_150310.avi 517
25 17 397 486 Face_025_0017_150310.avi Cabin_025_0017_150310.avi 517
25 19 30 212 Face_025_0019_56460.avi Cabin_025_0019_56460.avi 243
25 27 200 942 Face_025_0027_51160.avi Cabin_025_0027_51160.avi 973
25 27 30 105 Face_025_0027_63340.avi Cabin_025_0027_63340.avi 136
25 27 30 57 Face_025_0027_66810.avi Cabin_025_0027_66810.avi 88
25 31 30 476 Face_025_0031_2660.avi Cabin_025_0031_2660.avi 1823
25 31 538 1792 Face_025_0031_2660.avi Cabin_025_0031_2660.avi 1823
25 37 30 98 Face_025_0037_216700.avi Cabin_025_0037_216700.avi 110
25 37 30 339 Face_025_0037_220890.avi Cabin_025_0037_220890.avi 370
25 45 200 430 Face_025_0045_1650.avi Cabin_025_0045_1650.avi 1359
25 45 997 1328 Face_025_0045_1650.avi Cabin_025_0045_1650.avi 1359
25 45 30 503 Face_025_0045_20530.avi Cabin_025_0045_20530.avi 1525
25 45 650 902 Face_025_0045_20530.avi Cabin_025_0045_20530.avi 1525
25 45 1129 1494 Face_025_0045_20530.avi Cabin_025_0045_20530.avi 1525
25 45 30 1440 Face_025_0045_58510.avi Cabin_025_0045_58510.avi 1472
25 45 54 583 Face_025_0045_100500.avi Cabin_025_0045_100500.avi 615
25 45 30 83 Face_025_0045_134610.avi Cabin_025_0045_134610.avi 114
25 45 30 396 Face_025_0045_181240.avi Cabin_025_0045_181240.avi 426
25 45 30 66 Face_025_0045_186970.avi Cabin_025_0045_186970.avi 97
25 45 120 572 Face_025_0045_190440.avi Cabin_025_0045_190440.avi 603
25 47 144 581 Face_025_0047_18130.avi Cabin_025_0047_18130.avi 881
25 47 719 850 Face_025_0047_18130.avi Cabin_025_0047_18130.avi 881
25 47 30 329 Face_025_0047_38880.avi Cabin_025_0047_38880.avi 360
25 50 30 200 Face_025_0050_30660.avi Cabin_025_0050_30660.avi 231
25 50 30 442 Face_025_0050_39570.avi Cabin_025_0050_39570.avi 472
25 50 30 70 Face_025_0050_60290.avi Cabin_025_0050_60290.avi 101
25 50 30 397 Face_025_0050_67490.avi Cabin_025_0050_67490.avi 429
25 50 30 248 Face_025_0050_92340.avi Cabin_025_0050_92340.avi 279
25 52 30 65 Face_025_0052_18770.avi Cabin_025_0052_18770.avi 95
25 52 30 47 Face_025_0052_23070.avi Cabin_025_0052_23070.avi 78
25 54 30 195 Face_025_0054_49200.avi Cabin_025_0054_49200.avi 225
25 54 30 77 Face_025_0054_108760.avi Cabin_025_0054_108760.avi 108
25 54 30 1144 Face_025_0054_174710.avi Cabin_025_0054_174710.avi 1176
25 54 30 135 Face_025_0054_241820.avi Cabin_025_0054_241820.avi 167
25 54 30 1071 Face_025_0054_255070.avi Cabin_025_0054_255070.avi 1103
25 54 30 200 Face_025_0054_268740.avi Cabin_025_0054_268740.avi 230
25 54 161 895 Face_025_0054_305150.avi Cabin_025_0054_305150.avi 925
25 58 30 399 Face_025_0058_35680.avi Cabin_025_0058_35680.avi 430
25 60 283 6665 Face_025_0060_30830.avi Cabin_025_0060_30830.avi 6696
25 63 149 909 Face_025_0063_0.avi Cabin_025_0063_0.avi 2565
25 63 1020 1147 Face_025_0063_0.avi Cabin_025_0063_0.avi 2565
25 63 1762 1867 Face_025_0063_0.avi Cabin_025_0063_0.avi 2565
25 63 2015 2224 Face_025_0063_0.avi Cabin_025_0063_0.avi 2565
25 63 2231 2303 Face_025_0063_0.avi Cabin_025_0063_0.avi 2565
25 63 2479 2548 Face_025_0063_0.avi Cabin_025_0063_0.avi 2565
25 63 30 921 Face_025_0063_64700.avi Cabin_025_0063_64700.avi 952
25 63 30 684 Face_025_0063_109560.avi Cabin_025_0063_109560.avi 715
25 63 598 2874 Face_025_0063_132810.avi Cabin_025_0063_132810.avi 2905
25 63 30 440 Face_025_0063_172550.avi Cabin_025_0063_172550.avi 471
25 68 372 1041 Face_025_0068_8450.avi Cabin_025_0068_8450.avi 1292
25 68 1058 1251 Face_025_0068_8450.avi Cabin_025_0068_8450.avi 1292
25 69 30 436 Face_025_0069_8640.avi Cabin_025_0069_8640.avi 467
25 71 30 812 Face_025_0071_12320.avi Cabin_025_0071_12320.avi 844
25 71 30 392 Face_025_0071_34640.avi Cabin_025_0071_34640.avi 422
25 71 30 205 Face_025_0071_49390.avi Cabin_025_0071_49390.avi 235
25 72 57 202 Face_025_0072_25170.avi Cabin_025_0072_25170.avi 1067
25 72 365 1037 Face_025_0072_25170.avi Cabin_025_0072_25170.avi 1067
25 78 30 85 Face_025_0078_260.avi Cabin_025_0078_260.avi 116
25 78 30 360 Face_025_0078_10210.avi Cabin_025_0078_10210.avi 391
25 79 113 404 Face_025_0079_6190.avi Cabin_025_0079_6190.avi 435
25 79 30 780 Face_025_0079_16820.avi Cabin_025_0079_16820.avi 809
25 79 30 421 Face_025_0079_36060.avi Cabin_025_0079_36060.avi 452
25 79 30 333 Face_025_0079_45080.avi Cabin_025_0079_45080.avi 363
25 79 30 314 Face_025_0079_51730.avi Cabin_025_0079_51730.avi 345
25 79 30 317 Face_025_0079_63500.avi Cabin_025_0079_63500.avi 348
25 80 30 705 Face_025_0080_9370.avi Cabin_025_0080_9370.avi 736
25 82 30 482 Face_025_0082_1050.avi Cabin_025_0082_1050.avi 513
25 82 30 424 Face_025_0082_12190.avi Cabin_025_0082_12190.avi 1158
25 82 556 721 Face_025_0082_12190.avi Cabin_025_0082_12190.avi 1158
25 82 798 1127 Face_025_0082_12190.avi Cabin_025_0082_12190.avi 1158
25 82 30 251 Face_025_0082_26380.avi Cabin_025_0082_26380.avi 281
25 82 30 545 Face_025_0082_30590.avi Cabin_025_0082_30590.avi 575
25 82 30 152 Face_025_0082_38420.avi Cabin_025_0082_38420.avi 590
25 82 331 559 Face_025_0082_38420.avi Cabin_025_0082_38420.avi 590
25 83 30 207 Face_025_0083_68470.avi Cabin_025_0083_68470.avi 238
25 84 30 49 Face_025_0084_5420.avi Cabin_025_0084_5420.avi 79
25 84 30 1029 Face_025_0084_7670.avi Cabin_025_0084_7670.avi 1060
25 85 30 410 Face_025_0085_18420.avi Cabin_025_0085_18420.avi 442
25 85 30 857 Face_025_0085_26700.avi Cabin_025_0085_26700.avi 887
27 1 30 282 Face_027_0001_153620.avi Cabin_027_0001_153620.avi 313
27 1 121 769 Face_027_0001_160010.avi Cabin_027_0001_160010.avi 800
27 2 30 80 Face_027_0002_13660.avi Cabin_027_0002_13660.avi 110
28 2 160 1393 Face_028_0002_25360.avi Cabin_028_0002_25360.avi 1424
28 2 30 4350 Face_028_0002_141670.avi Cabin_028_0002_141670.avi 4381
28 5 176 1789 Face_028_0005_7300.avi Cabin_028_0005_7300.avi 1819
28 5 121 370 Face_028_0005_27010.avi Cabin_028_0005_27010.avi 400
28 5 30 510 Face_028_0005_46110.avi Cabin_028_0005_46110.avi 540
28 5 128 487 Face_028_0005_53850.avi Cabin_028_0005_53850.avi 518
28 5 183 1098 Face_028_0005_62290.avi Cabin_028_0005_62290.avi 2529
28 5 1271 2498 Face_028_0005_62290.avi Cabin_028_0005_62290.avi 2529
28 5 146 676 Face_028_0005_138040.avi Cabin_028_0005_138040.avi 707
28 14 4943 5313 Face_028_0014_0.avi Cabin_028_0014_0.avi 8393
28 14 158 389 Face_028_0014_137730.avi Cabin_028_0014_137730.avi 419
28 15 30 126 Face_028_0015_15480.avi Cabin_028_0015_15480.avi 157
28 16 30 567 Face_028_0016_32600.avi Cabin_028_0016_32600.avi 597
28 17 180 1602 Face_028_0017_5290.avi Cabin_028_0017_5290.avi 1633
28 17 30 155 Face_028_0017_23850.avi Cabin_028_0017_23850.avi 187
28 18 104 324 Face_028_0018_32330.avi Cabin_028_0018_32330.avi 859
28 18 429 828 Face_028_0018_32330.avi Cabin_028_0018_32330.avi 859
28 19 30 484 Face_028_0019_126230.avi Cabin_028_0019_126230.avi 515
28 21 283 795 Face_028_0021_27080.avi Cabin_028_0021_27080.avi 1525
28 21 918 1494 Face_028_0021_27080.avi Cabin_028_0021_27080.avi 1525
28 21 30 1139 Face_028_0021_51090.avi Cabin_028_0021_51090.avi 1169
28 21 30 4878 Face_028_0021_101260.avi Cabin_028_0021_101260.avi 4908
28 21 30 309 Face_028_0021_235440.avi Cabin_028_0021_235440.avi 340
28 22 30 8999 Face_028_0022_19490.avi Cabin_028_0022_19490.avi 9356
29 2 534 1442 Face_029_0002_27070.avi Cabin_029_0002_27070.avi 1472
29 2 80 620 Face_029_0002_106300.avi Cabin_029_0002_106300.avi 651
29 4 30 237 Face_029_0004_39870.avi Cabin_029_0004_39870.avi 268
29 4 30 174 Face_029_0004_56600.avi Cabin_029_0004_56600.avi 205
29 4 30 48 Face_029_0004_137340.avi Cabin_029_0004_137340.avi 731
29 4 54 700 Face_029_0004_137340.avi Cabin_029_0004_137340.avi 731
29 4 30 565 Face_029_0004_167830.avi Cabin_029_0004_167830.avi 595
29 4 763 778 Face_029_0004_192140.avi Cabin_029_0004_192140.avi 796
29 4 30 2751 Face_029_0004_209690.avi Cabin_029_0004_209690.avi 2782
29 4 30 113 Face_029_0004_243020.avi Cabin_029_0004_243020.avi 1251
29 4 123 1220 Face_029_0004_243020.avi Cabin_029_0004_243020.avi 1251
29 4 30 345 Face_029_0004_259200.avi Cabin_029_0004_259200.avi 376
29 4 30 42 Face_029_0004_310270.avi Cabin_029_0004_310270.avi 604
29 4 50 572 Face_029_0004_310270.avi Cabin_029_0004_310270.avi 604
29 4 30 992 Face_029_0004_324020.avi Cabin_029_0004_324020.avi 1024
29 6 195 1788 Face_029_0006_50100.avi Cabin_029_0006_50100.avi 1819
29 8 312 915 Face_029_0008_33700.avi Cabin_029_0008_33700.avi 945
29 18 30 1848 Face_029_0018_3980.avi Cabin_029_0018_3980.avi 1879
29 32 30 228 Face_029_0032_94570.avi Cabin_029_0032_94570.avi 1305
29 32 468 1274 Face_029_0032_94570.avi Cabin_029_0032_94570.avi 1305
29 33 30 174 Face_029_0033_30280.avi Cabin_029_0033_30280.avi 204
29 33 1005 3263 Face_029_0033_78920.avi Cabin_029_0033_78920.avi 3294
29 34 30 2402 Face_029_0034_10270.avi Cabin_029_0034_10270.avi 2432
29 34 210 1019 Face_029_0034_45640.avi Cabin_029_0034_45640.avi 1050
29 36 194 521 Face_029_0036_11540.avi Cabin_029_0036_11540.avi 552
30 7 91 409 Face_030_0007_0.avi Cabin_030_0007_0.avi 427
30 20 115 496 Face_030_0020_3210.avi Cabin_030_0020_3210.avi 1465
30 20 649 1435 Face_030_0020_3210.avi Cabin_030_0020_3210.avi 1465
30 22 119 728 Face_030_0022_15760.avi Cabin_030_0022_15760.avi 758
30 23 75 5108 Face_030_0023_170120.avi Cabin_030_0023_170120.avi 5138
30 23 30 68 Face_030_0023_226730.avi Cabin_030_0023_226730.avi 99
30 23 30 1315 Face_030_0023_279290.avi Cabin_030_0023_279290.avi 1346
30 30 30 346 Face_030_0030_42350.avi Cabin_030_0030_42350.avi 377
30 31 1748 1832 Face_030_0031_0.avi Cabin_030_0031_0.avi 11658
30 31 10135 10182 Face_030_0031_0.avi Cabin_030_0031_0.avi 11658
30 31 30 77 Face_030_0031_101050.avi Cabin_030_0031_101050.avi 1593
30 32 436 870 Face_030_0032_560.avi Cabin_030_0032_560.avi 1122
31 1 84 345 Face_031_0001_16740.avi Cabin_031_0001_16740.avi 1414
31 1 544 1382 Face_031_0001_16740.avi Cabin_031_0001_16740.avi 1414
31 2 30 323 Face_031_0002_24640.avi Cabin_031_0002_24640.avi 1189
31 2 434 529 Face_031_0002_24640.avi Cabin_031_0002_24640.avi 1189
31 2 664 1157 Face_031_0002_24640.avi Cabin_031_0002_24640.avi 1189
31 2 30 336 Face_031_0002_38170.avi Cabin_031_0002_38170.avi 367
31 2 30 253 Face_031_0002_56580.avi Cabin_031_0002_56580.avi 284
31 2 30 452 Face_031_0002_116710.avi Cabin_031_0002_116710.avi 483
31 5 236 1274 Face_031_0005_16950.avi Cabin_031_0005_16950.avi 1306
31 13 91 691 Face_031_0013_8910.avi Cabin_031_0013_8910.avi 721
31 18 87 284 Face_031_0018_27510.avi Cabin_031_0018_27510.avi 314
31 18 206 758 Face_031_0018_86490.avi Cabin_031_0018_86490.avi 789
31 19 30 614 Face_031_0019_54900.avi Cabin_031_0019_54900.avi 645
32 1 30 132 Face_032_0001_55260.avi Cabin_032_0001_55260.avi 162
32 2 581 1239 Face_032_0002_10770.avi Cabin_032_0002_10770.avi 1270
32 2 30 277 Face_032_0002_105630.avi Cabin_032_0002_105630.avi 307
32 2 30 243 Face_032_0002_112700.avi Cabin_032_0002_112700.avi 274
32 2 30 444 Face_032_0002_119880.avi Cabin_032_0002_119880.avi 475
32 3 30 59 Face_032_0003_15870.avi Cabin_032_0003_15870.avi 90
32 6 30 103 Face_032_0006_17890.avi Cabin_032_0006_17890.avi 134
32 6 30 132 Face_032_0006_75780.avi Cabin_032_0006_75780.avi 163
32 6 224 815 Face_032_0006_86030.avi Cabin_032_0006_86030.avi 846
32 7 247 632 Face_032_0007_59830.avi Cabin_032_0007_59830.avi 663
32 9 30 323 Face_032_0009_104570.avi Cabin_032_0009_104570.avi 354
32 20 100 633 Face_032_0020_13130.avi Cabin_032_0020_13130.avi 1403
32 20 950 1128 Face_032_0020_13130.avi Cabin_032_0020_13130.avi 1403
32 20 1261 1372 Face_032_0020_13130.avi Cabin_032_0020_13130.avi 1403
32 20 30 52 Face_032_0020_67050.avi Cabin_032_0020_67050.avi 82
32 22 30 211 Face_032_0022_34600.avi Cabin_032_0022_34600.avi 242
32 22 30 231 Face_032_0022_41850.avi Cabin_032_0022_41850.avi 262
32 22 30 473 Face_032_0022_48880.avi Cabin_032_0022_48880.avi 504
32 22 30 934 Face_032_0022_121710.avi Cabin_032_0022_121710.avi 965
32 23 734 1028 Face_032_0023_19880.avi Cabin_032_0023_19880.avi 1049
32 24 125 3578 Face_032_0024_7560.avi Cabin_032_0024_7560.avi 3609
32 26 30 181 Face_032_0026_85530.avi Cabin_032_0026_85530.avi 213
32 26 75 684 Face_032_0026_106740.avi Cabin_032_0026_106740.avi 715
32 29 30 1469 Face_032_0029_7220.avi Cabin_032_0029_7220.avi 1499
32 29 30 197 Face_032_0029_28000.avi Cabin_032_0029_28000.avi 229
32 29 30 395 Face_032_0029_60040.avi Cabin_032_0029_60040.avi 426
32 29 30 443 Face_032_0029_124310.avi Cabin_032_0029_124310.avi 474
32 29 30 176 Face_032_0029_142740.avi Cabin_032_0029_142740.avi 208
32 29 30 73 Face_032_0029_252690.avi Cabin_032_0029_252690.avi 103
32 29 30 258 Face_032_0029_406930.avi Cabin_032_0029_406930.avi 290
32 30 30 154 Face_032_0030_65810.avi Cabin_032_0030_65810.avi 185
32 30 30 633 Face_032_0030_78800.avi Cabin_032_0030_78800.avi 664
32 44 30 57 Face_032_0044_11570.avi Cabin_032_0044_11570.avi 89
32 44 30 649 Face_032_0044_18690.avi Cabin_032_0044_18690.avi 680
32 44 30 75 Face_032_0044_81550.avi Cabin_032_0044_81550.avi 107
32 44 30 77 Face_032_0044_143940.avi Cabin_032_0044_143940.avi 107
32 45 30 97 Face_032_0045_117340.avi Cabin_032_0045_117340.avi 128
32 48 30 326 Face_032_0048_59700.avi Cabin_032_0048_59700.avi 358
32 49 30 79 Face_032_0049_31330.avi Cabin_032_0049_31330.avi 109
32 50 30 301 Face_032_0050_57380.avi Cabin_032_0050_57380.avi 332
32 50 30 221 Face_032_0050_64450.avi Cabin_032_0050_64450.avi 253
32 50 30 240 Face_032_0050_72270.avi Cabin_032_0050_72270.avi 271
32 50 30 124 Face_032_0050_78660.avi Cabin_032_0050_78660.avi 156
32 51 159 462 Face_032_0051_26390.avi Cabin_032_0051_26390.avi 493
32 51 30 1142 Face_032_0051_50610.avi Cabin_032_0051_50610.avi 1174
32 51 30 617 Face_032_0051_76490.avi Cabin_032_0051_76490.avi 648
32 52 30 275 Face_032_0052_4620.avi Cabin_032_0052_4620.avi 306
32 56 30 77 Face_032_0056_42790.avi Cabin_032_0056_42790.avi 108
32 57 30 343 Face_032_0057_149100.avi Cabin_032_0057_149100.avi 374
32 57 30 2074 Face_032_0057_160040.avi Cabin_032_0057_160040.avi 4388
32 63 78 468 Face_032_0063_19440.avi Cabin_032_0063_19440.avi 499
32 70 30 594 Face_032_0070_5220.avi Cabin_032_0070_5220.avi 625
32 74 30 923 Face_032_0074_31140.avi Cabin_032_0074_31140.avi 954
32 74 30 1506 Face_032_0074_43790.avi Cabin_032_0074_43790.avi 1537
32 75 30 55 Face_032_0075_96430.avi Cabin_032_0075_96430.avi 86
32 75 30 551 Face_032_0075_158910.avi Cabin_032_0075_158910.avi 581
32 79 30 241 Face_032_0079_780.avi Cabin_032_0079_780.avi 272
32 79 30 117 Face_032_0079_5550.avi Cabin_032_0079_5550.avi 148
32 79 30 253 Face_032_0079_10540.avi Cabin_032_0079_10540.avi 284
32 79 30 143 Face_032_0079_17810.avi Cabin_032_0079_17810.avi 174
32 79 30 212 Face_032_0079_21730.avi Cabin_032_0079_21730.avi 242
32 85 66 94 Face_032_0085_990.avi Cabin_032_0085_990.avi 125
32 85 30 215 Face_032_0085_30110.avi Cabin_032_0085_30110.avi 246
32 91 30 390 Face_032_0091_16110.avi Cabin_032_0091_16110.avi 420
32 91 30 312 Face_032_0091_26420.avi Cabin_032_0091_26420.avi 343
32 91 30 261 Face_032_0091_36620.avi Cabin_032_0091_36620.avi 291
32 91 30 175 Face_032_0091_41520.avi Cabin_032_0091_41520.avi 427
32 91 249 396 Face_032_0091_41520.avi Cabin_032_0091_41520.avi 427
32 91 30 395 Face_032_0091_49370.avi Cabin_032_0091_49370.avi 426
32 91 30 579 Face_032_0091_58850.avi Cabin_032_0091_58850.avi 610
32 91 49 1454 Face_032_0091_90030.avi Cabin_032_0091_90030.avi 1484
32 94 30 505 Face_032_0094_51480.avi Cabin_032_0094_51480.avi 536
32 94 30 621 Face_032_0094_64460.avi Cabin_032_0094_64460.avi 652
32 94 30 348 Face_032_0094_80590.avi Cabin_032_0094_80590.avi 379
32 94 30 208 Face_032_0094_89920.avi Cabin_032_0094_89920.avi 238
32 103 66 1528 Face_032_0103_3250.avi Cabin_032_0103_3250.avi 1559
32 105 30 102 Face_032_0105_6870.avi Cabin_032_0105_6870.avi 624
32 105 272 595 Face_032_0105_6870.avi Cabin_032_0105_6870.avi 624
32 105 30 193 Face_032_0105_27030.avi Cabin_032_0105_27030.avi 223
32 105 30 535 Face_032_0105_31160.avi Cabin_032_0105_31160.avi 1737
32 105 661 1707 Face_032_0105_31160.avi Cabin_032_0105_31160.avi 1737
32 105 30 642 Face_032_0105_53150.avi Cabin_032_0105_53150.avi 673
32 105 30 61 Face_032_0105_61850.avi Cabin_032_0105_61850.avi 784
32 105 260 754 Face_032_0105_61850.avi Cabin_032_0105_61850.avi 784
32 105 30 655 Face_032_0105_76390.avi Cabin_032_0105_76390.avi 687
32 105 30 430 Face_032_0105_91170.avi Cabin_032_0105_91170.avi 461
32 105 30 240 Face_032_0105_141380.avi Cabin_032_0105_141380.avi 271
32 105 30 237 Face_032_0105_146340.avi Cabin_032_0105_146340.avi 268
33 12 63 283 Face_033_0012_50960.avi Cabin_033_0012_50960.avi 314
33 15 30 161 Face_033_0015_1490.avi Cabin_033_0015_1490.avi 192
33 15 30 48 Face_033_0015_5350.avi Cabin_033_0015_5350.avi 80
33 15 60 534 Face_033_0015_31190.avi Cabin_033_0015_31190.avi 565
33 17 30 91 Face_033_0017_6190.avi Cabin_033_0017_6190.avi 379
33 17 165 349 Face_033_0017_6190.avi Cabin_033_0017_6190.avi 379
33 21 30 244 Face_033_0021_6130.avi Cabin_033_0021_6130.avi 274
33 21 30 73 Face_033_0021_12770.avi Cabin_033_0021_12770.avi 105
33 21 30 45 Face_033_0021_16580.avi Cabin_033_0021_16580.avi 77
33 21 30 472 Face_033_0021_19400.avi Cabin_033_0021_19400.avi 503
33 21 30 110 Face_033_0021_41220.avi Cabin_033_0021_41220.avi 141
33 21 30 52 Face_033_0021_54180.avi Cabin_033_0021_54180.avi 84
33 23 30 73 Face_033_0023_6370.avi Cabin_033_0023_6370.avi 104
33 23 30 70 Face_033_0023_21560.avi Cabin_033_0023_21560.avi 101
33 23 30 41 Face_033_0023_42540.avi Cabin_033_0023_42540.avi 72
33 23 30 194 Face_033_0023_69860.avi Cabin_033_0023_69860.avi 225
33 23 30 70 Face_033_0023_75820.avi Cabin_033_0023_75820.avi 101
33 27 30 50 Face_033_0027_56700.avi Cabin_033_0027_56700.avi 381
33 27 144 165 Face_033_0027_56700.avi Cabin_033_0027_56700.avi 381
33 27 265 350 Face_033_0027_56700.avi Cabin_033_0027_56700.avi 381
33 31 30 74 Face_033_0031_148340.avi Cabin_033_0031_148340.avi 105
33 35 59 389 Face_033_0035_3160.avi Cabin_033_0035_3160.avi 419
33 37 30 178 Face_033_0037_2650.avi Cabin_033_0037_2650.avi 209
33 37 30 212 Face_033_0037_34880.avi Cabin_033_0037_34880.avi 243
33 38 30 291 Face_033_0038_41610.avi Cabin_033_0038_41610.avi 322
33 38 30 73 Face_033_0038_47110.avi Cabin_033_0038_47110.avi 105
33 38 30 401 Face_033_0038_79810.avi Cabin_033_0038_79810.avi 433
33 39 30 69 Face_033_0039_81170.avi Cabin_033_0039_81170.avi 100
33 42 121 405 Face_033_0042_5460.avi Cabin_033_0042_5460.avi 436
33 42 30 295 Face_033_0042_11830.avi Cabin_033_0042_11830.avi 326
33 45 30 51 Face_033_0045_154190.avi Cabin_033_0045_154190.avi 81
33 49 30 38 Face_033_0049_20030.avi Cabin_033_0049_20030.avi 69
33 50 30 39 Face_033_0050_84540.avi Cabin_033_0050_84540.avi 70
33 51 30 942 Face_033_0051_1580.avi Cabin_033_0051_1580.avi 973
33 52 30 225 Face_033_0052_700.avi Cabin_033_0052_700.avi 256
33 52 30 143 Face_033_0052_9160.avi Cabin_033_0052_9160.avi 174
33 52 30 50 Face_033_0052_14690.avi Cabin_033_0052_14690.avi 247
33 52 147 215 Face_033_0052_14690.avi Cabin_033_0052_14690.avi 247
33 57 30 541 Face_033_0057_2450.avi Cabin_033_0057_2450.avi 1434
33 57 636 981 Face_033_0057_2450.avi Cabin_033_0057_2450.avi 1434
33 57 1074 1090 Face_033_0057_2450.avi Cabin_033_0057_2450.avi 1434
33 57 1282 1299 Face_033_0057_2450.avi Cabin_033_0057_2450.avi 1434
33 57 1383 1403 Face_033_0057_2450.avi Cabin_033_0057_2450.avi 1434
33 57 30 50 Face_033_0057_18550.avi Cabin_033_0057_18550.avi 81
33 57 30 72 Face_033_0057_31870.avi Cabin_033_0057_31870.avi 103
33 57 30 33 Face_033_0057_39850.avi Cabin_033_0057_39850.avi 63
33 57 30 148 Face_033_0057_141930.avi Cabin_033_0057_141930.avi 178
33 57 30 44 Face_033_0057_150080.avi Cabin_033_0057_150080.avi 198
33 57 90 168 Face_033_0057_150080.avi Cabin_033_0057_150080.avi 198
33 57 30 44 Face_033_0057_159600.avi Cabin_033_0057_159600.avi 74
33 57 30 79 Face_033_0057_162050.avi Cabin_033_0057_162050.avi 110
33 57 30 205 Face_033_0057_169800.avi Cabin_033_0057_169800.avi 235
33 57 30 531 Face_033_0057_174490.avi Cabin_033_0057_174490.avi 769
33 57 596 738 Face_033_0057_174490.avi Cabin_033_0057_174490.avi 769
33 57 30 241 Face_033_0057_186760.avi Cabin_033_0057_186760.avi 271
33 58 30 65 Face_033_0058_7340.avi Cabin_033_0058_7340.avi 96
33 58 136 553 Face_033_0058_9750.avi Cabin_033_0058_9750.avi 583
33 59 30 62 Face_033_0059_4290.avi Cabin_033_0059_4290.avi 92
33 65 30 1419 Face_033_0065_2290.avi Cabin_033_0065_2290.avi 2318
33 65 1523 1691 Face_033_0065_2290.avi Cabin_033_0065_2290.avi 2318
33 65 1756 1956 Face_033_0065_2290.avi Cabin_033_0065_2290.avi 2318
33 65 2085 2286 Face_033_0065_2290.avi Cabin_033_0065_2290.avi 2318
33 65 30 105 Face_033_0065_33400.avi Cabin_033_0065_33400.avi 2320
33 65 183 1037 Face_033_0065_33400.avi Cabin_033_0065_33400.avi 2320
33 65 1127 1172 Face_033_0065_33400.avi Cabin_033_0065_33400.avi 2320
33 65 1256 1701 Face_033_0065_33400.avi Cabin_033_0065_33400.avi 2320
33 65 1859 2159 Face_033_0065_33400.avi Cabin_033_0065_33400.avi 2320
33 65 2219 2289 Face_033_0065_33400.avi Cabin_033_0065_33400.avi 2320
33 65 30 53 Face_033_0065_68010.avi Cabin_033_0065_68010.avi 85
33 69 30 184 Face_033_0069_1440.avi Cabin_033_0069_1440.avi 214
33 69 30 136 Face_033_0069_19740.avi Cabin_033_0069_19740.avi 166
33 71 30 288 Face_033_0071_58950.avi Cabin_033_0071_58950.avi 318
33 74 30 140 Face_033_0074_2830.avi Cabin_033_0074_2830.avi 170
33 81 30 192 Face_033_0081_2320.avi Cabin_033_0081_2320.avi 222
33 81 30 1045 Face_033_0081_7180.avi Cabin_033_0081_7180.avi 1077
33 81 30 111 Face_033_0081_52390.avi Cabin_033_0081_52390.avi 141
33 81 30 271 Face_033_0081_55310.avi Cabin_033_0081_55310.avi 302
33 82 30 67 Face_033_0082_1480.avi Cabin_033_0082_1480.avi 98
33 84 30 150 Face_033_0084_14320.avi Cabin_033_0084_14320.avi 181
33 84 30 203 Face_033_0084_21300.avi Cabin_033_0084_21300.avi 235
33 84 30 305 Face_033_0084_25590.avi Cabin_033_0084_25590.avi 336
33 84 30 71 Face_033_0084_31430.avi Cabin_033_0084_31430.avi 102
33 84 30 44 Face_033_0084_69350.avi Cabin_033_0084_69350.avi 76
33 84 30 142 Face_033_0084_76300.avi Cabin_033_0084_76300.avi 172
34 1 30 312 Face_034_0001_39640.avi Cabin_034_0001_39640.avi 343
34 1 30 242 Face_034_0001_82960.avi Cabin_034_0001_82960.avi 274
34 1 30 74 Face_034_0001_115370.avi Cabin_034_0001_115370.avi 105
34 1 30 57 Face_034_0001_124290.avi Cabin_034_0001_124290.avi 88
34 1 30 152 Face_034_0001_136970.avi Cabin_034_0001_136970.avi 429
34 1 158 398 Face_034_0001_136970.avi Cabin_034_0001_136970.avi 429
34 1 30 338 Face_034_0001_233680.avi Cabin_034_0001_233680.avi 370
34 1 30 652 Face_034_0001_301870.avi Cabin_034_0001_301870.avi 3727
34 1 662 697 Face_034_0001_301870.avi Cabin_034_0001_301870.avi 3727
34 1 704 3696 Face_034_0001_301870.avi Cabin_034_0001_301870.avi 3727
34 1 30 389 Face_034_0001_347000.avi Cabin_034_0001_347000.avi 420
34 6 30 859 Face_034_0006_10850.avi Cabin_034_0006_10850.avi 890
34 6 30 216 Face_034_0006_27980.avi Cabin_034_0006_27980.avi 246
34 9 30 285 Face_034_0009_26320.avi Cabin_034_0009_26320.avi 315
34 10 30 80 Face_034_0010_85240.avi Cabin_034_0010_85240.avi 756
34 10 172 724 Face_034_0010_85240.avi Cabin_034_0010_85240.avi 756
34 10 30 185 Face_034_0010_100350.avi Cabin_034_0010_100350.avi 217
34 10 30 3122 Face_034_0010_106080.avi Cabin_034_0010_106080.avi 3152
34 10 30 178 Face_034_0010_145080.avi Cabin_034_0010_145080.avi 207
34 11 126 872 Face_034_0011_8480.avi Cabin_034_0011_8480.avi 903
34 11 30 241 Face_034_0011_24900.avi Cabin_034_0011_24900.avi 273
34 11 87 645 Face_034_0011_74730.avi Cabin_034_0011_74730.avi 677
34 11 30 37 Face_034_0011_126570.avi Cabin_034_0011_126570.avi 69
34 11 30 430 Face_034_0011_140080.avi Cabin_034_0011_140080.avi 462
34 13 49 680 Face_034_0013_17810.avi Cabin_034_0013_17810.avi 710
34 13 30 563 Face_034_0013_26500.avi Cabin_034_0013_26500.avi 594
34 13 43 1032 Face_034_0013_50970.avi Cabin_034_0013_50970.avi 1062
34 14 70 416 Face_034_0014_32150.avi Cabin_034_0014_32150.avi 447
34 14 201 330 Face_034_0014_44480.avi Cabin_034_0014_44480.avi 1945
34 14 513 1915 Face_034_0014_44480.avi Cabin_034_0014_44480.avi 1945
34 14 1207 1294 Face_034_0014_107540.avi Cabin_034_0014_107540.avi 1725
34 14 53 175 Face_034_0014_167550.avi Cabin_034_0014_167550.avi 206
34 22 70 246 Face_034_0022_32400.avi Cabin_034_0022_32400.avi 276
34 22 120 2956 Face_034_0022_43400.avi Cabin_034_0022_43400.avi 2986
34 38 42 918 Face_034_0038_44160.avi Cabin_034_0038_44160.avi 950
34 43 30 221 Face_034_0043_51310.avi Cabin_034_0043_51310.avi 253
34 49 105 301 Face_034_0049_29590.avi Cabin_034_0049_29590.avi 331
34 49 30 395 Face_034_0049_40940.avi Cabin_034_0049_40940.avi 426
34 49 30 242 Face_034_0049_109010.avi Cabin_034_0049_109010.avi 274
34 51 176 1004 Face_034_0051_106510.avi Cabin_034_0051_106510.avi 1035
34 53 30 54 Face_034_0053_22200.avi Cabin_034_0053_22200.avi 85
34 54 71 676 Face_034_0054_11260.avi Cabin_034_0054_11260.avi 707
34 54 157 1565 Face_034_0054_22810.avi Cabin_034_0054_22810.avi 1596
34 55 30 81 Face_034_0055_171110.avi Cabin_034_0055_171110.avi 767
34 55 92 271 Face_034_0055_171110.avi Cabin_034_0055_171110.avi 767
34 55 387 420 Face_034_0055_171110.avi Cabin_034_0055_171110.avi 767
34 55 432 735 Face_034_0055_171110.avi Cabin_034_0055_171110.avi 767
34 55 30 812 Face_034_0055_183190.avi Cabin_034_0055_183190.avi 844
34 55 30 760 Face_034_0055_195080.avi Cabin_034_0055_195080.avi 791
34 55 30 95 Face_034_0055_258330.avi Cabin_034_0055_258330.avi 547
34 55 104 516 Face_034_0055_258330.avi Cabin_034_0055_258330.avi 547
34 55 30 296 Face_034_0055_269050.avi Cabin_034_0055_269050.avi 328
34 55 30 84 Face_034_0055_274330.avi Cabin_034_0055_274330.avi 116
34 55 30 1417 Face_034_0055_277780.avi Cabin_034_0055_277780.avi 1449
34 57 30 660 Face_034_0057_198790.avi Cabin_034_0057_198790.avi 1256
34 57 854 1226 Face_034_0057_198790.avi Cabin_034_0057_198790.avi 1256
34 57 30 222 Face_034_0057_230070.avi Cabin_034_0057_230070.avi 252
34 57 30 322 Face_034_0057_246710.avi Cabin_034_0057_246710.avi 354
34 62 143 311 Face_034_0062_42660.avi Cabin_034_0062_42660.avi 343
34 67 72 494 Face_034_0067_12630.avi Cabin_034_0067_12630.avi 525
34 68 30 641 Face_034_0068_104770.avi Cabin_034_0068_104770.avi 673
34 71 30 38 Face_034_0071_15520.avi Cabin_034_0071_15520.avi 69
34 71 98 554 Face_034_0071_28660.avi Cabin_034_0071_28660.avi 586
34 72 100 432 Face_034_0072_106430.avi Cabin_034_0072_106430.avi 463
34 72 30 169 Face_034_0072_119790.avi Cabin_034_0072_119790.avi 200
34 73 30 202 Face_034_0073_13830.avi Cabin_034_0073_13830.avi 233
34 73 30 428 Face_034_0073_40710.avi Cabin_034_0073_40710.avi 459
34 74 30 266 Face_034_0074_10760.avi Cabin_034_0074_10760.avi 297
34 75 65 232 Face_034_0075_14590.avi Cabin_034_0075_14590.avi 263
34 75 30 176 Face_034_0075_84410.avi Cabin_034_0075_84410.avi 208
34 75 90 257 Face_034_0075_119460.avi Cabin_034_0075_119460.avi 288
34 78 30 55 Face_034_0078_36610.avi Cabin_034_0078_36610.avi 86
34 78 30 97 Face_034_0078_195830.avi Cabin_034_0078_195830.avi 128
34 78 30 100 Face_034_0078_209840.avi Cabin_034_0078_209840.avi 131
34 82 57 1432 Face_034_0082_1900.avi Cabin_034_0082_1900.avi 1463
34 87 73 301 Face_034_0087_52110.avi Cabin_034_0087_52110.avi 332
34 87 47 6070 Face_034_0087_76790.avi Cabin_034_0087_76790.avi 6101
34 90 62 246 Face_034_0090_660.avi Cabin_034_0090_660.avi 278
34 91 30 177 Face_034_0091_25650.avi Cabin_034_0091_25650.avi 697
34 91 30 188 Face_034_0091_158080.avi Cabin_034_0091_158080.avi 218
34 91 30 80 Face_034_0091_184220.avi Cabin_034_0091_184220.avi 111
34 92 30 338 Face_034_0092_2400.avi Cabin_034_0092_2400.avi 369
34 101 56 288 Face_034_0101_1160.avi Cabin_034_0101_1160.avi 320
34 101 30 1091 Face_034_0101_12910.avi Cabin_034_0101_12910.avi 1123
34 103 30 804 Face_034_0103_59720.avi Cabin_034_0103_59720.avi 835
34 103 30 200 Face_034_0103_75580.avi Cabin_034_0103_75580.avi 231
34 103 30 725 Face_034_0103_79790.avi Cabin_034_0103_79790.avi 756
34 108 30 5401 Face_034_0108_46530.avi Cabin_034_0108_46530.avi 7085
34 108 5528 7055 Face_034_0108_46530.avi Cabin_034_0108_46530.avi 7085
34 108 30 321 Face_034_0108_122330.avi Cabin_034_0108_122330.avi 352
34 111 30 1121 Face_034_0111_12760.avi Cabin_034_0111_12760.avi 1153
34 114 30 386 Face_034_0114_312950.avi Cabin_034_0114_312950.avi 417
34 114 30 104 Face_034_0114_318780.avi Cabin_034_0114_318780.avi 135
34 114 30 281 Face_034_0114_322330.avi Cabin_034_0114_322330.avi 312
35 1 30 68 Face_035_0001_17210.avi Cabin_035_0001_17210.avi 98
35 1 30 94 Face_035_0001_31370.avi Cabin_035_0001_31370.avi 260
35 1 215 229 Face_035_0001_31370.avi Cabin_035_0001_31370.avi 260
35 1 30 326 Face_035_0001_35660.avi Cabin_035_0001_35660.avi 358
35 1 30 524 Face_035_0001_52730.avi Cabin_035_0001_52730.avi 554
35 1 30 122 Face_035_0001_76750.avi Cabin_035_0001_76750.avi 153
35 1 30 69 Face_035_0001_81610.avi Cabin_035_0001_81610.avi 294
35 1 239 263 Face_035_0001_81610.avi Cabin_035_0001_81610.avi 294
35 1 30 62 Face_035_0001_89360.avi Cabin_035_0001_89360.avi 93
35 1 30 185 Face_035_0001_94840.avi Cabin_035_0001_94840.avi 215
35 1 137 268 Face_035_0001_138370.avi Cabin_035_0001_138370.avi 299
35 1 30 150 Face_035_0001_154050.avi Cabin_035_0001_154050.avi 181
35 2 30 152 Face_035_0002_1630.avi Cabin_035_0002_1630.avi 183
35 2 100 1907 Face_035_0002_5000.avi Cabin_035_0002_5000.avi 1938
35 2 41 83 Face_035_0002_33820.avi Cabin_035_0002_33820.avi 115
35 2 231 610 Face_035_0002_40680.avi Cabin_035_0002_40680.avi 641
35 11 249 959 Face_035_0011_590.avi Cabin_035_0011_590.avi 989
35 11 89 359 Face_035_0011_12360.avi Cabin_035_0011_12360.avi 391
35 11 30 150 Face_035_0011_21270.avi Cabin_035_0011_21270.avi 181
35 11 30 687 Face_035_0011_64510.avi Cabin_035_0011_64510.avi 718
36 1 102 455 Face_036_0001_7840.avi Cabin_036_0001_7840.avi 615
36 1 495 584 Face_036_0001_7840.avi Cabin_036_0001_7840.avi 615
36 13 30 181 Face_036_0013_120390.avi Cabin_036_0013_120390.avi 212
36 13 152 610 Face_036_0013_169140.avi Cabin_036_0013_169140.avi 641
36 21 30 416 Face_036_0021_103440.avi Cabin_036_0021_103440.avi 447
36 22 136 1738 Face_036_0022_21150.avi Cabin_036_0022_21150.avi 1768
36 23 30 44 Face_036_0023_40160.avi Cabin_036_0023_40160.avi 75
36 23 88 402 Face_036_0023_65300.avi Cabin_036_0023_65300.avi 433
36 24 30 71 Face_036_0024_23050.avi Cabin_036_0024_23050.avi 12159
36 24 78 12129 Face_036_0024_23050.avi Cabin_036_0024_23050.avi 12159
37 1 30 63 Face_037_0001_33480.avi Cabin_037_0001_33480.avi 93
37 4 30 76 Face_037_0004_111010.avi Cabin_037_0004_111010.avi 108
37 5 30 1506 Face_037_0005_69330.avi Cabin_037_0005_69330.avi 1536
37 9 190 2660 Face_037_0009_12570.avi Cabin_037_0009_12570.avi 2691
37 9 30 5772 Face_037_0009_76940.avi Cabin_037_0009_76940.avi 6068
37 9 6013 6037 Face_037_0009_76940.avi Cabin_037_0009_76940.avi 6068
37 9 30 1712 Face_037_0009_140860.avi Cabin_037_0009_140860.avi 1742
37 11 30 60 Face_037_0011_136700.avi Cabin_037_0011_136700.avi 91
37 15 30 117 Face_037_0015_89640.avi Cabin_037_0015_89640.avi 148
37 17 103 638 Face_037_0017_9750.avi Cabin_037_0017_9750.avi 669
37 22 30 120 Face_037_0022_116900.avi Cabin_037_0022_116900.avi 151
37 25 30 420 Face_037_0025_80490.avi Cabin_037_0025_80490.avi 450
37 25 30 124 Face_037_0025_148380.avi Cabin_037_0025_148380.avi 155
37 25 114 1233 Face_037_0025_204950.avi Cabin_037_0025_204950.avi 1263
37 25 30 279 Face_037_0025_237190.avi Cabin_037_0025_237190.avi 310
37 25 263 1942 Face_037_0025_282260.avi Cabin_037_0025_282260.avi 1973
37 30 30 103 Face_037_0030_1690.avi Cabin_037_0030_1690.avi 134
37 30 30 204 Face_037_0030_51240.avi Cabin_037_0030_51240.avi 236
37 31 78 347 Face_037_0031_23020.avi Cabin_037_0031_23020.avi 378
37 31 30 252 Face_037_0031_28630.avi Cabin_037_0031_28630.avi 284
37 33 30 50 Face_037_0033_80060.avi Cabin_037_0033_80060.avi 81
37 33 30 96 Face_037_0033_98880.avi Cabin_037_0033_98880.avi 127
37 33 122 607 Face_037_0033_111120.avi Cabin_037_0033_111120.avi 638
37 36 30 69 Face_037_0036_27670.avi Cabin_037_0036_27670.avi 101
37 41 181 1417 Face_037_0041_18940.avi Cabin_037_0041_18940.avi 1448
37 43 53 182 Face_037_0043_4270.avi Cabin_037_0043_4270.avi 1608
37 43 296 1577 Face_037_0043_4270.avi Cabin_037_0043_4270.avi 1608
37 44 121 1222 Face_037_0044_85170.avi Cabin_037_0044_85170.avi 1252
37 44 30 499 Face_037_0044_101030.avi Cabin_037_0044_101030.avi 1265
37 44 765 1234 Face_037_0044_101030.avi Cabin_037_0044_101030.avi 1265
38 63 30 430 Face_038_0063_201060.avi Cabin_038_0063_201060.avi 460
38 63 246 3211 Face_038_0063_226330.avi Cabin_038_0063_226330.avi 3241
38 63 321 430 Face_038_0063_279710.avi Cabin_038_0063_279710.avi 461
38 63 331 1087 Face_038_0063_295170.avi Cabin_038_0063_295170.avi 1118
38 64 30 73 Face_038_0064_20920.avi Cabin_038_0064_20920.avi 104
39 15 243 6156 Face_039_0015_8510.avi Cabin_039_0015_8510.avi 6188
39 15 30 125 Face_039_0015_81910.avi Cabin_039_0015_81910.avi 156
39 16 140 595 Face_039_0016_9560.avi Cabin_039_0016_9560.avi 625
39 27 127 510 Face_039_0027_254280.avi Cabin_039_0027_254280.avi 541
39 27 30 280 Face_039_0027_274050.avi Cabin_039_0027_274050.avi 311
39 27 30 391 Face_039_0027_290170.avi Cabin_039_0027_290170.avi 422
39 29 30 214 Face_039_0029_1070.avi Cabin_039_0029_1070.avi 245
39 32 116 1794 Face_039_0032_4860.avi Cabin_039_0032_4860.avi 1825
39 32 126 483 Face_039_0032_58320.avi Cabin_039_0032_58320.avi 514
40 6 39 112 Face_040_0006_182400.avi Cabin_040_0006_182400.avi 838
40 15 30 97 Face_040_0015_5760.avi Cabin_040_0015_5760.avi 129
40 25 30 511 Face_040_0025_61450.avi Cabin_040_0025_61450.avi 625
40 25 563 594 Face_040_0025_61450.avi Cabin_040_0025_61450.avi 625
40 26 64 84 Face_040_0026_48040.avi Cabin_040_0026_48040.avi 116
40 39 30 83 Face_040_0039_61030.avi Cabin_040_0039_61030.avi 113
40 39 30 97 Face_040_0039_76060.avi Cabin_040_0039_76060.avi 128
40 39 30 106 Face_040_0039_208540.avi Cabin_040_0039_208540.avi 137
41 3 268 3919 Face_041_0003_44860.avi Cabin_041_0003_44860.avi 3951
41 3 30 326 Face_041_0003_112500.avi Cabin_041_0003_112500.avi 357
41 3 30 1280 Face_041_0003_169130.avi Cabin_041_0003_169130.avi 1311
41 3 30 506 Face_041_0003_284150.avi Cabin_041_0003_284150.avi 537
41 3 30 252 Face_041_0003_312580.avi Cabin_041_0003_312580.avi 284
41 3 30 62 Face_041_0003_321240.avi Cabin_041_0003_321240.avi 92
41 3 30 616 Face_041_0003_328160.avi Cabin_041_0003_328160.avi 646
41 3 30 82 Face_041_0003_340780.avi Cabin_041_0003_340780.avi 113
41 3 30 115 Face_041_0003_343340.avi Cabin_041_0003_343340.avi 833
41 3 273 382 Face_041_0003_343340.avi Cabin_041_0003_343340.avi 833
41 3 463 803 Face_041_0003_343340.avi Cabin_041_0003_343340.avi 833
41 3 30 155 Face_041_0003_355470.avi Cabin_041_0003_355470.avi 186
41 9 82 443 Face_041_0009_12820.avi Cabin_041_0009_12820.avi 474
41 9 81 224 Face_041_0009_29640.avi Cabin_041_0009_29640.avi 255
41 35 57 413 Face_041_0035_1820.avi Cabin_041_0035_1820.avi 443
41 37 262 969 Face_041_0037_13360.avi Cabin_041_0037_13360.avi 1001
42 5 80 296 Face_042_0005_7360.avi Cabin_042_0005_7360.avi 327
42 6 183 617 Face_042_0006_3710.avi Cabin_042_0006_3710.avi 648
42 14 30 88 Face_042_0014_117750.avi Cabin_042_0014_117750.avi 119
42 25 266 354 Face_042_0025_0.avi Cabin_042_0025_0.avi 5303
43 3 332 4062 Face_043_0003_44550.avi Cabin_043_0003_44550.avi 4093
43 7 103 638 Face_043_0007_28820.avi Cabin_043_0007_28820.avi 3761
43 7 782 814 Face_043_0007_28820.avi Cabin_043_0007_28820.avi 3761
43 7 1047 1127 Face_043_0007_28820.avi Cabin_043_0007_28820.avi 3761
43 7 1232 1295 Face_043_0007_28820.avi Cabin_043_0007_28820.avi 3761
43 7 1433 1649 Face_043_0007_28820.avi Cabin_043_0007_28820.avi 3761
43 7 1824 2322 Face_043_0007_28820.avi Cabin_043_0007_28820.avi 3761
43 7 2330 3107 Face_043_0007_28820.avi Cabin_043_0007_28820.avi 3761
43 7 3179 3279 Face_043_0007_28820.avi Cabin_043_0007_28820.avi 3761
43 7 3448 3729 Face_043_0007_28820.avi Cabin_043_0007_28820.avi 3761
43 8 30 349 Face_043_0008_2760.avi Cabin_043_0008_2760.avi 380
43 8 30 64 Face_043_0008_12610.avi Cabin_043_0008_12610.avi 885
43 8 191 854 Face_043_0008_12610.avi Cabin_043_0008_12610.avi 885
43 8 30 711 Face_043_0008_24490.avi Cabin_043_0008_24490.avi 741
43 8 30 309 Face_043_0008_40850.avi Cabin_043_0008_40850.avi 340
43 8 30 209 Face_043_0008_47520.avi Cabin_043_0008_47520.avi 239
43 8 30 311 Face_043_0008_53270.avi Cabin_043_0008_53270.avi 342
43 8 30 515 Face_043_0008_63770.avi Cabin_043_0008_63770.avi 546
43 12 168 251 Face_043_0012_30580.avi Cabin_043_0012_30580.avi 289
43 12 30 424 Face_043_0012_46120.avi Cabin_043_0012_46120.avi 436
43 12 368 1724 Face_043_0012_53140.avi Cabin_043_0012_53140.avi 1754
43 12 30 844 Face_043_0012_85520.avi Cabin_043_0012_85520.avi 874
43 15 5135 5172 Face_043_0015_7080.avi Cabin_043_0015_7080.avi 5463
43 15 5271 5432 Face_043_0015_7080.avi Cabin_043_0015_7080.avi 5463
43 17 30 226 Face_043_0017_5390.avi Cabin_043_0017_5390.avi 713
43 17 362 682 Face_043_0017_5390.avi Cabin_043_0017_5390.avi 713
43 17 30 314 Face_043_0017_14460.avi Cabin_043_0017_14460.avi 345
43 17 30 366 Face_043_0017_21440.avi Cabin_043_0017_21440.avi 397
43 18 30 1721 Face_043_0018_2570.avi Cabin_043_0018_2570.avi 12670
43 18 1730 5146 Face_043_0018_2570.avi Cabin_043_0018_2570.avi 12670
43 18 5163 5224 Face_043_0018_2570.avi Cabin_043_0018_2570.avi 12670
43 18 5239 12480 Face_043_0018_2570.avi Cabin_043_0018_2570.avi 12670
43 18 12494 12639 Face_043_0018_2570.avi Cabin_043_0018_2570.avi 12670
43 18 30 165 Face_043_0018_134930.avi Cabin_043_0018_134930.avi 536
43 18 189 468 Face_043_0018_134930.avi Cabin_043_0018_134930.avi 536
43 18 486 505 Face_043_0018_134930.avi Cabin_043_0018_134930.avi 536
43 19 30 112 Face_043_0019_53410.avi Cabin_043_0019_53410.avi 220
43 19 178 189 Face_043_0019_53410.avi Cabin_043_0019_53410.avi 220
43 19 30 41 Face_043_0019_57290.avi Cabin_043_0019_57290.avi 72
43 19 30 391 Face_043_0019_71020.avi Cabin_043_0019_71020.avi 423
43 19 30 727 Face_043_0019_86730.avi Cabin_043_0019_86730.avi 1977
43 19 1340 1954 Face_043_0019_86730.avi Cabin_043_0019_86730.avi 1977
43 19 30 479 Face_043_0019_114360.avi Cabin_043_0019_114360.avi 532
43 19 34 109 Face_043_0019_121670.avi Cabin_043_0019_121670.avi 238
43 19 195 208 Face_043_0019_121670.avi Cabin_043_0019_121670.avi 238
43 19 30 416 Face_043_0019_141310.avi Cabin_043_0019_141310.avi 447
43 20 12818 12881 Face_043_0020_37120.avi Cabin_043_0020_37120.avi 31190
43 20 34 145 Face_043_0020_348240.avi Cabin_043_0020_348240.avi 1015
43 22 551 1195 Face_043_0022_3210.avi Cabin_043_0022_3210.avi 1226
43 24 1504 1914 Face_043_0024_27480.avi Cabin_043_0024_27480.avi 10370
43 24 2308 2692 Face_043_0024_27480.avi Cabin_043_0024_27480.avi 10370
43 24 3187 9339 Face_043_0024_27480.avi Cabin_043_0024_27480.avi 10370
43 24 9378 10340 Face_043_0024_27480.avi Cabin_043_0024_27480.avi 10370
43 24 620 2346 Face_043_0024_135020.avi Cabin_043_0024_135020.avi 3058
43 24 2773 3026 Face_043_0024_135020.avi Cabin_043_0024_135020.avi 3058
43 24 25 89 Face_043_0024_174030.avi Cabin_043_0024_174030.avi 97
43 24 30 464 Face_043_0024_185080.avi Cabin_043_0024_185080.avi 495
43 24 30 805 Face_043_0024_199780.avi Cabin_043_0024_199780.avi 836
43 27 243 708 Face_043_0027_39560.avi Cabin_043_0027_39560.avi 739
43 27 30 116 Face_043_0027_62610.avi Cabin_043_0027_62610.avi 147
43 27 30 402 Face_043_0027_72030.avi Cabin_043_0027_72030.avi 434
43 27 30 457 Face_043_0027_80000.avi Cabin_043_0027_80000.avi 1612
43 27 570 1581 Face_043_0027_80000.avi Cabin_043_0027_80000.avi 1612
43 27 30 415 Face_043_0027_99010.avi Cabin_043_0027_99010.avi 446
43 28 30 158 Face_043_0028_8020.avi Cabin_043_0028_8020.avi 626
43 28 317 595 Face_043_0028_8020.avi Cabin_043_0028_8020.avi 626
43 28 30 279 Face_043_0028_31110.avi Cabin_043_0028_31110.avi 310
43 28 120 684 Face_043_0028_44530.avi Cabin_043_0028_44530.avi 4659
43 30 128 534 Face_043_0030_15050.avi Cabin_043_0030_15050.avi 565
43 30 30 483 Face_043_0030_24460.avi Cabin_043_0030_24460.avi 513
43 30 226 1851 Face_043_0030_37540.avi Cabin_043_0030_37540.avi 1882
43 31 65 351 Face_043_0031_1220.avi Cabin_043_0031_1220.avi 633
43 31 369 602 Face_043_0031_1220.avi Cabin_043_0031_1220.avi 633
43 31 30 333 Face_043_0031_10910.avi Cabin_043_0031_10910.avi 365
43 31 30 103 Face_043_0031_24430.avi Cabin_043_0031_24430.avi 134
43 32 30 50 Face_043_0032_38310.avi Cabin_043_0032_38310.avi 284
43 32 232 252 Face_043_0032_38310.avi Cabin_043_0032_38310.avi 284
43 32 30 301 Face_043_0032_49800.avi Cabin_043_0032_49800.avi 332
43 32 30 240 Face_043_0032_56000.avi Cabin_043_0032_56000.avi 653
43 32 486 622 Face_043_0032_56000.avi Cabin_043_0032_56000.avi 653
43 32 30 112 Face_043_0032_66260.avi Cabin_043_0032_66260.avi 143
43 32 30 57 Face_043_0032_82860.avi Cabin_043_0032_82860.avi 87
43 33 97 473 Face_043_0033_116020.avi Cabin_043_0033_116020.avi 504
43 33 30 100 Face_043_0033_126130.avi Cabin_043_0033_126130.avi 131
43 33 30 83 Face_043_0033_130820.avi Cabin_043_0033_130820.avi 114
43 33 30 59 Face_043_0033_135630.avi Cabin_043_0033_135630.avi 91
43 33 30 257 Face_043_0033_138760.avi Cabin_043_0033_138760.avi 288
43 33 30 94 Face_043_0033_145130.avi Cabin_043_0033_145130.avi 125
43 33 30 68 Face_043_0033_152180.avi Cabin_043_0033_152180.avi 100
43 33 113 516 Face_043_0033_157480.avi Cabin_043_0033_157480.avi 547
43 35 88 544 Face_043_0035_92830.avi Cabin_043_0035_92830.avi 575
43 36 417 726 Face_043_0036_0.avi Cabin_043_0036_0.avi 2647
43 36 846 1067 Face_043_0036_0.avi Cabin_043_0036_0.avi 2647
43 36 1286 2635 Face_043_0036_0.avi Cabin_043_0036_0.avi 2647
43 36 30 72 Face_043_0036_28400.avi Cabin_043_0036_28400.avi 681
43 36 117 650 Face_043_0036_28400.avi Cabin_043_0036_28400.avi 681
43 36 30 189 Face_043_0036_53200.avi Cabin_043_0036_53200.avi 219
43 36 30 196 Face_043_0036_65590.avi Cabin_043_0036_65590.avi 226
43 37 30 121 Face_043_0037_9920.avi Cabin_043_0037_9920.avi 404
43 37 156 373 Face_043_0037_9920.avi Cabin_043_0037_9920.avi 404
43 37 30 78 Face_043_0037_26700.avi Cabin_043_0037_26700.avi 108
43 37 220 3161 Face_043_0037_36340.avi Cabin_043_0037_36340.avi 3192
43 37 200 594 Face_043_0037_69900.avi Cabin_043_0037_69900.avi 626
44 1 75 2007 Face_044_0001_8810.avi Cabin_044_0001_8810.avi 2039
44 1 30 52 Face_044_0001_43220.avi Cabin_044_0001_43220.avi 84
44 1 30 38 Face_044_0001_63810.avi Cabin_044_0001_63810.avi 69
44 1 213 2142 Face_044_0001_76760.avi Cabin_044_0001_76760.avi 2487
44 6 51 145 Face_044_0006_16040.avi Cabin_044_0006_16040.avi 176
44 6 30 229 Face_044_0006_22710.avi Cabin_044_0006_22710.avi 260
44 6 30 50 Face_044_0006_30960.avi Cabin_044_0006_30960.avi 82
44 7 30 506 Face_044_0007_550.avi Cabin_044_0007_550.avi 536
44 8 30 98 Face_044_0008_10060.avi Cabin_044_0008_10060.avi 2161
44 8 282 795 Face_044_0008_10060.avi Cabin_044_0008_10060.avi 2161
44 8 893 978 Face_044_0008_10060.avi Cabin_044_0008_10060.avi 2161
44 8 1133 1243 Face_044_0008_10060.avi Cabin_044_0008_10060.avi 2161
44 8 1341 1412 Face_044_0008_10060.avi Cabin_044_0008_10060.avi 2161
44 8 1476 1607 Face_044_0008_10060.avi Cabin_044_0008_10060.avi 2161
44 8 1737 2130 Face_044_0008_10060.avi Cabin_044_0008_10060.avi 2161
44 8 118 431 Face_044_0008_35290.avi Cabin_044_0008_35290.avi 461
44 8 30 781 Face_044_0008_49030.avi Cabin_044_0008_49030.avi 812
44 10 451 663 Face_044_0010_0.avi Cabin_044_0010_0.avi 5019
44 10 806 1674 Face_044_0010_0.avi Cabin_044_0010_0.avi 5019
44 12 107 360 Face_044_0012_27380.avi Cabin_044_0012_27380.avi 391
44 12 30 48 Face_044_0012_83650.avi Cabin_044_0012_83650.avi 78
44 12 30 151 Face_044_0012_89400.avi Cabin_044_0012_89400.avi 182
44 12 30 297 Face_044_0012_94350.avi Cabin_044_0012_94350.avi 328
44 12 95 807 Face_044_0012_118010.avi Cabin_044_0012_118010.avi 838
44 12 30 71 Face_044_0012_151280.avi Cabin_044_0012_151280.avi 102
44 16 90 358 Face_044_0016_390.avi Cabin_044_0016_390.avi 390
44 18 30 345 Face_044_0018_3390.avi Cabin_044_0018_3390.avi 376
44 18 30 74 Face_044_0018_72640.avi Cabin_044_0018_72640.avi 105
44 22 111 379 Face_044_0022_19720.avi Cabin_044_0022_19720.avi 409
44 23 78 500 Face_044_0023_4830.avi Cabin_044_0023_4830.avi 1146
44 24 54 400 Face_044_0024_7110.avi Cabin_044_0024_7110.avi 431
44 25 30 1271 Face_044_0025_7660.avi Cabin_044_0025_7660.avi 1303
44 27 30 41 Face_044_0027_3710.avi Cabin_044_0027_3710.avi 1349
44 27 137 1318 Face_044_0027_3710.avi Cabin_044_0027_3710.avi 1349
44 27 30 958 Face_044_0027_27620.avi Cabin_044_0027_27620.avi 990
44 30 137 2319 Face_044_0030_11390.avi Cabin_044_0030_11390.avi 2351
44 30 36 121 Face_044_0030_117720.avi Cabin_044_0030_117720.avi 152
44 31 30 52 Face_044_0031_35310.avi Cabin_044_0031_35310.avi 84
44 31 30 615 Face_044_0031_44410.avi Cabin_044_0031_44410.avi 645
44 34 30 124 Face_044_0034_10850.avi Cabin_044_0034_10850.avi 155
44 34 72 236 Face_044_0034_14350.avi Cabin_044_0034_14350.avi 267
44 34 30 186 Face_044_0034_19980.avi Cabin_044_0034_19980.avi 217
44 34 226 530 Face_044_0034_43440.avi Cabin_044_0034_43440.avi 561
44 34 30 693 Face_044_0034_107910.avi Cabin_044_0034_107910.avi 724
44 34 30 133 Face_044_0034_122620.avi Cabin_044_0034_122620.avi 707
44 34 247 677 Face_044_0034_122620.avi Cabin_044_0034_122620.avi 707
44 35 129 319 Face_044_0035_83190.avi Cabin_044_0035_83190.avi 350
44 35 30 341 Face_044_0035_128150.avi Cabin_044_0035_128150.avi 372
44 36 30 90 Face_044_0036_36800.avi Cabin_044_0036_36800.avi 361
44 36 120 330 Face_044_0036_36800.avi Cabin_044_0036_36800.avi 361
44 36 30 90 Face_044_0036_42200.avi Cabin_044_0036_42200.avi 371
44 36 140 340 Face_044_0036_42200.avi Cabin_044_0036_42200.avi 371
44 37 30 55 Face_044_0037_70220.avi Cabin_044_0037_70220.avi 87
44 37 83 3064 Face_044_0037_109210.avi Cabin_044_0037_109210.avi 3095
44 37 30 187 Face_044_0037_149420.avi Cabin_044_0037_149420.avi 219
44 37 30 2571 Face_044_0037_204080.avi Cabin_044_0037_204080.avi 2602
44 38 30 3755 Face_044_0038_14150.avi Cabin_044_0038_14150.avi 3787
44 38 30 141 Face_044_0038_71110.avi Cabin_044_0038_71110.avi 171
44 38 30 207 Face_044_0038_86520.avi Cabin_044_0038_86520.avi 238
44 38 30 145 Face_044_0038_91720.avi Cabin_044_0038_91720.avi 176
44 38 30 59 Face_044_0038_97100.avi Cabin_044_0038_97100.avi 90
44 40 125 1401 Face_044_0040_12690.avi Cabin_044_0040_12690.avi 1432
44 43 102 247 Face_044_0043_26370.avi Cabin_044_0043_26370.avi 277
44 43 30 267 Face_044_0043_50580.avi Cabin_044_0043_50580.avi 298
44 44 72 652 Face_044_0044_2110.avi Cabin_044_0044_2110.avi 683
44 44 30 44 Face_044_0044_104510.avi Cabin_044_0044_104510.avi 75
44 45 115 915 Face_044_0045_4250.avi Cabin_044_0045_4250.avi 947
44 45 77 3486 Face_044_0045_48480.avi Cabin_044_0045_48480.avi 3518
44 45 30 83 Face_044_0045_97340.avi Cabin_044_0045_97340.avi 597
44 45 186 334 Face_044_0045_97340.avi Cabin_044_0045_97340.avi 597
44 47 30 310 Face_044_0047_46170.avi Cabin_044_0047_46170.avi 341
45 1 30 489 Face_045_0001_93180.avi Cabin_045_0001_93180.avi 520
45 1 30 83 Face_045_0001_107970.avi Cabin_045_0001_107970.avi 115
45 8 136 2577 Face_045_0008_110.avi Cabin_045_0008_110.avi 2586
45 18 30 982 Face_045_0018_11130.avi Cabin_045_0018_11130.avi 1012
45 18 30 188 Face_045_0018_29040.avi Cabin_045_0018_29040.avi 219
45 18 30 644 Face_045_0018_70200.avi Cabin_045_0018_70200.avi 676
45 19 30 354 Face_045_0019_152050.avi Cabin_045_0019_152050.avi 385
45 19 30 92 Face_045_0019_157610.avi Cabin_045_0019_157610.avi 123
45 20 30 108 Face_045_0020_4520.avi Cabin_045_0020_4520.avi 139
47 2 30 126 Face_047_0002_5660.avi Cabin_047_0002_5660.avi 759
47 2 148 728 Face_047_0002_5660.avi Cabin_047_0002_5660.avi 759
47 3 30 212 Face_047_0003_43900.avi Cabin_047_0003_43900.avi 744
47 3 219 285 Face_047_0003_43900.avi Cabin_047_0003_43900.avi 744
47 3 453 563 Face_047_0003_43900.avi Cabin_047_0003_43900.avi 744
47 3 569 713 Face_047_0003_43900.avi Cabin_047_0003_43900.avi 744
47 16 1829 2586 Face_047_0016_14310.avi Cabin_047_0016_14310.avi 2924
47 33 35 136 Face_047_0033_330.avi Cabin_047_0033_330.avi 179
47 33 33 134 Face_047_0033_350.avi Cabin_047_0033_350.avi 1855
47 33 152 286 Face_047_0033_350.avi Cabin_047_0033_350.avi 1855
47 33 590 1824 Face_047_0033_350.avi Cabin_047_0033_350.avi 1855
50 54 150 560 Face_050_0054_161650.avi Cabin_050_0054_161650.avi 591
50 56 30 91 Face_050_0056_12830.avi Cabin_050_0056_12830.avi 468
50 56 109 438 Face_050_0056_12830.avi Cabin_050_0056_12830.avi 468
50 57 30 165 Face_050_0057_1000.avi Cabin_050_0057_1000.avi 413
50 57 171 382 Face_050_0057_1000.avi Cabin_050_0057_1000.avi 413
50 57 30 225 Face_050_0057_13340.avi Cabin_050_0057_13340.avi 589
50 57 250 558 Face_050_0057_13340.avi Cabin_050_0057_13340.avi 589
50 57 30 703 Face_050_0057_26810.avi Cabin_050_0057_26810.avi 733
50 58 30 273 Face_050_0058_131070.avi Cabin_050_0058_131070.avi 1858
50 58 296 1827 Face_050_0058_131070.avi Cabin_050_0058_131070.avi 1858
50 63 30 279 Face_050_0063_6260.avi Cabin_050_0063_6260.avi 3312
50 63 302 3282 Face_050_0063_6260.avi Cabin_050_0063_6260.avi 3312
50 64 30 314 Face_050_0064_32490.avi Cabin_050_0064_32490.avi 1961
53 3 30 9053 Face_053_0003_29580.avi Cabin_053_0003_29580.avi 9084
53 4 3606 3728 Face_053_0004_0.avi Cabin_053_0004_0.avi 7138
53 6 2046 2450 Face_053_0006_11470.avi Cabin_053_0006_11470.avi 2652
53 10 83 331 Face_053_0010_73450.avi Cabin_053_0010_73450.avi 464
53 12 2142 3013 Face_053_0012_2020.avi Cabin_053_0012_2020.avi 4048
53 12 3034 3262 Face_053_0012_2020.avi Cabin_053_0012_2020.avi 4048
53 12 3485 3525 Face_053_0012_2020.avi Cabin_053_0012_2020.avi 4048
53 12 3723 3731 Face_053_0012_2020.avi Cabin_053_0012_2020.avi 4048
53 34 30 266 Face_053_0034_24480.avi Cabin_053_0034_24480.avi 3816
53 34 317 2533 Face_053_0034_24480.avi Cabin_053_0034_24480.avi 3816
53 34 2621 3785 Face_053_0034_24480.avi Cabin_053_0034_24480.avi 3816
53 36 30 361 Face_053_0036_390.avi Cabin_053_0036_390.avi 392
53 36 30 630 Face_053_0036_8530.avi Cabin_053_0036_8530.avi 2813
53 36 633 2782 Face_053_0036_8530.avi Cabin_053_0036_8530.avi 2813
53 36 30 2166 Face_053_0036_43610.avi Cabin_053_0036_43610.avi 2197
53 36 30 540 Face_053_0036_68490.avi Cabin_053_0036_68490.avi 1480
53 36 609 1449 Face_053_0036_68490.avi Cabin_053_0036_68490.avi 1480
53 37 30 2177 Face_053_0037_2500.avi Cabin_053_0037_2500.avi 2208
53 37 30 134 Face_053_0037_33430.avi Cabin_053_0037_33430.avi 164
53 38 30 413 Face_053_0038_3280.avi Cabin_053_0038_3280.avi 444
53 38 30 295 Face_053_0038_18850.avi Cabin_053_0038_18850.avi 326
53 38 30 95 Face_053_0038_30320.avi Cabin_053_0038_30320.avi 551
53 38 131 521 Face_053_0038_30320.avi Cabin_053_0038_30320.avi 551
53 38 30 323 Face_053_0038_37760.avi Cabin_053_0038_37760.avi 354
53 38 1933 2218 Face_053_0038_58090.avi Cabin_053_0038_58090.avi 3628
72 15 400 482 Face_072_0015_35620.avi Cabin_072_0015_35620.avi 833
74 11 161 321 Face_074_0011_60.avi Cabin_074_0011_60.avi 1073
75 4 1662 1901 Face_075_0004_12500.avi Cabin_075_0004_12500.avi 2366
77 45 30 110 Face_077_0045_9900.avi Cabin_077_0045_9900.avi 961
77 45 160 930 Face_077_0045_9900.avi Cabin_077_0045_9900.avi 961
77 45 30 120 Face_077_0045_31400.avi Cabin_077_0045_31400.avi 3762
77 45 180 3730 Face_077_0045_31400.avi Cabin_077_0045_31400.avi 3762
77 48 30 159 Face_077_0048_59520.avi Cabin_077_0048_59520.avi 902
78 2 4390 5600 Face_078_0002_510.avi Cabin_078_0002_510.avi 6977
78 3 30 210 Face_078_0003_85540.avi Cabin_078_0003_85540.avi 1435
78 7 6210 6332 Face_078_0007_43130.avi Cabin_078_0007_43130.avi 10037
78 8 458 2644 Face_078_0008_0.avi Cabin_078_0008_0.avi 6700
78 12 30 126 Face_078_0012_51840.avi Cabin_078_0012_51840.avi 157
78 12 4547 4643 Face_078_0012_6670.avi Cabin_078_0012_6670.avi 9043
78 12 8436 8645 Face_078_0012_6670.avi Cabin_078_0012_6670.avi 9043
78 12 113 322 Face_078_0012_89900.avi Cabin_078_0012_89900.avi 353
78 16 4190 4875 Face_078_0016_7940.avi Cabin_078_0016_7940.avi 17601
78 27 30 82 Face_078_0027_24980.avi Cabin_078_0027_24980.avi 315
78 27 235 314 Face_078_0027_24980.avi Cabin_078_0027_24980.avi 315
78 28 829 867 Face_078_0028_5900.avi Cabin_078_0028_5900.avi 1071
78 32 538 753 Face_078_0032_24820.avi Cabin_078_0032_24820.avi 2279
78 32 30 998 Face_078_0032_50060.avi Cabin_078_0032_50060.avi 1028
79 26 99 1516 Face_079_0026_6450.avi Cabin_079_0026_6450.avi 4749
80 1 35 4381 Face_080_0001_16740.avi Cabin_080_0001_16740.avi 4412
80 1 30 4100 Face_080_0001_64110.avi Cabin_080_0001_64110.avi 6352
80 1 4106 4269 Face_080_0001_64110.avi Cabin_080_0001_64110.avi 6352
80 1 4288 6086 Face_080_0001_64110.avi Cabin_080_0001_64110.avi 6352
80 1 6103 6321 Face_080_0001_64110.avi Cabin_080_0001_64110.avi 6352
81 52 34 208 Face_081_0052_1360.avi Cabin_081_0052_1360.avi 249
87 22 30 170 Face_087_0022_45200.avi Cabin_087_0022_45200.avi 201
87 23 30 210 Face_087_0023_194000.avi Cabin_087_0023_194000.avi 240
87 31 30 390 Face_087_0031_19600.avi Cabin_087_0031_19600.avi 421
87 31 30 170 Face_087_0031_58600.avi Cabin_087_0031_58600.avi 202
87 31 30 300 Face_087_0031_81100.avi Cabin_087_0031_81100.avi 331
87 33 20 210 Face_087_0033_0.avi Cabin_087_0033_0.avi 217
87 37 30 160 Face_087_0037_157400.avi Cabin_087_0037_157400.avi 190
87 37 30 270 Face_087_0037_197700.avi Cabin_087_0037_197700.avi 302
87 37 30 200 Face_087_0037_237700.avi Cabin_087_0037_237700.avi 230
87 37 30 340 Face_087_0037_291900.avi Cabin_087_0037_291900.avi 370
87 37 30 710 Face_087_0037_343500.avi Cabin_087_0037_343500.avi 742
87 37 30 650 Face_087_0037_356500.avi Cabin_087_0037_356500.avi 680
87 37 30 230 Face_087_0037_441800.avi Cabin_087_0037_441800.avi 261
87 41 30 600 Face_087_0041_21500.avi Cabin_087_0041_21500.avi 631
87 43 30 250 Face_087_0043_155800.avi Cabin_087_0043_155800.avi 281
87 43 30 460 Face_087_0043_210500.avi Cabin_087_0043_210500.avi 490
87 43 30 160 Face_087_0043_219800.avi Cabin_087_0043_219800.avi 191
87 44 30 240 Face_087_0044_138800.avi Cabin_087_0044_138800.avi 272
87 44 30 1300 Face_087_0044_176300.avi Cabin_087_0044_176300.avi 1330
87 44 30 770 Face_087_0044_192800.avi Cabin_087_0044_192800.avi 801
87 44 30 290 Face_087_0044_222400.avi Cabin_087_0044_222400.avi 321
87 47 30 730 Face_087_0047_56300.avi Cabin_087_0047_56300.avi 761
87 47 30 5000 Face_087_0047_73800.avi Cabin_087_0047_73800.avi 5031
87 50 30 320 Face_087_0050_52900.avi Cabin_087_0050_52900.avi 350
93 19 30 250 Face_093_0019_68900.avi Cabin_093_0019_68900.avi 281
93 19 30 490 Face_093_0019_84300.avi Cabin_093_0019_84300.avi 1032
93 25 30 250 Face_093_0025_10550.avi Cabin_093_0025_10550.avi 281
93 25 30 74 Face_093_0025_17040.avi Cabin_093_0025_17040.avi 832
93 25 108 801 Face_093_0025_17040.avi Cabin_093_0025_17040.avi 832
93 54 59 69 Face_093_0054_31810.avi Cabin_093_0054_31810.avi 219
105 1 41 116 Face_105_0001_305390.avi Cabin_105_0001_305390.avi 147
109 24 37 5098 Face_109_0024_69430.avi Cabin_109_0024_69430.avi 5129
110 21 230 370 Face_110_0021_2400.avi Cabin_110_0021_2400.avi 1621
110 21 30 170 Face_110_0021_4400.avi Cabin_110_0021_4400.avi 201
110 23 1410 1900 Face_110_0023_0.avi Cabin_110_0023_0.avi 1937
110 26 3639 3850 Face_110_0026_0.avi Cabin_110_0026_0.avi 9409
110 26 30 241 Face_110_0026_36090.avi Cabin_110_0026_36090.avi 841
110 26 3979 4139 Face_110_0026_0.avi Cabin_110_0026_0.avi 9409
110 26 370 530 Face_110_0026_36090.avi Cabin_110_0026_36090.avi 841
110 26 4312 4419 Face_110_0026_0.avi Cabin_110_0026_0.avi 9409
110 26 703 810 Face_110_0026_36090.avi Cabin_110_0026_36090.avi 841
110 26 4821 4835 Face_110_0026_0.avi Cabin_110_0026_0.avi 9409
110 26 30 44 Face_110_0026_47910.avi Cabin_110_0026_47910.avi 1960
110 26 4913 5035 Face_110_0026_0.avi Cabin_110_0026_0.avi 9409
110 26 122 244 Face_110_0026_47910.avi Cabin_110_0026_47910.avi 1960
110 26 5077 5107 Face_110_0026_0.avi Cabin_110_0026_0.avi 9409
110 26 286 316 Face_110_0026_47910.avi Cabin_110_0026_47910.avi 1960
110 26 5123 5655 Face_110_0026_0.avi Cabin_110_0026_0.avi 9409
110 26 332 864 Face_110_0026_47910.avi Cabin_110_0026_47910.avi 1960
110 26 5727 6720 Face_110_0026_0.avi Cabin_110_0026_0.avi 9409
110 26 936 1929 Face_110_0026_47910.avi Cabin_110_0026_47910.avi 1960
110 37 12 664 Face_110_0037_0.avi Cabin_110_0037_0.avi 664
111 1 30 1110 Face_111_0001_45000.avi Cabin_111_0001_45000.avi 1140
111 1 30 500 Face_111_0001_59000.avi Cabin_111_0001_59000.avi 532
111 5 30 100 Face_111_0005_13300.avi Cabin_111_0005_13300.avi 3872
111 5 120 3840 Face_111_0005_13300.avi Cabin_111_0005_13300.avi 3872
111 5 30 170 Face_111_0005_262400.avi Cabin_111_0005_262400.avi 501
111 5 200 470 Face_111_0005_262400.avi Cabin_111_0005_262400.avi 501
111 12 30 230 Face_111_0012_687300.avi Cabin_111_0012_687300.avi 1842
111 12 270 1810 Face_111_0012_687300.avi Cabin_111_0012_687300.avi 1842
111 12 30 130 Face_111_0012_753500.avi Cabin_111_0012_753500.avi 1490
111 12 170 1460 Face_111_0012_753500.avi Cabin_111_0012_753500.avi 1490
111 13 30 1320 Face_111_0013_133800.avi Cabin_111_0013_133800.avi 1351
111 18 30 190 Face_111_0018_402100.avi Cabin_111_0018_402100.avi 931
111 18 230 900 Face_111_0018_402100.avi Cabin_111_0018_402100.avi 931
112 24 30 140 Face_112_0024_1800.avi Cabin_112_0024_1800.avi 360
112 24 170 330 Face_112_0024_1800.avi Cabin_112_0024_1800.avi 360
112 24 30 910 Face_112_0024_36400.avi Cabin_112_0024_36400.avi 941
115 58 884 1318 Face_115_0058_146220.avi Cabin_115_0058_146220.avi 8652
115 80 410 1060 Face_115_0080_70700.avi Cabin_115_0080_70700.avi 1091
